170,141
169,141
168,141
167,141
166,141
165,141
164,141
163,141
162,141
161,141
160,141
159,141
158,141
157,141
156,141
155,141
154,141
153,141
152,141
151,141
150,141
149,141
148,141
147,141
146,141
145,141
144,141
143,141
142,141
141,141
140,141
139,142
138,142
137,143
136,143
135,144
134,144
133,145
132,145
131,146
130,146
129,146
128,147
127,147
126,148
125,148
124,149
123,149
122,150
121,150
120,151
119,151
118,151
117,152
116,152
115,153
114,153
113,154
112,154
111,155
110,155
109,156
108,156
107,156
106,157
105,157
104,158
103,158
102,159
101,159
100,160
99,160
98,161
97,161
96,161
95,162
94,162
93,163
92,164
91,165
90,166
89,167
88,168
87,169
86,170
85,171
84,171
83,171
82,171
81,171
80,171
79,171
78,171
77,171
76,171
75,171
74,172
73,172
72,172
71,173
70,174
69,175
68,176
67,177
66,178
65,179
64,180
63,181
62,182
61,183
60,184
59,184
58,184
57,184
56,184
55,184
54,184
53,184
52,184
51,184
50,184
49,184
48,184
47,184
46,184
45,184
44,184
43,184
42,184
41,184
40,184
39,184
38,184
37,184
36,184
35,184
34,184
33,184
32,184
31,184
30,184
29,184
28,184
27,184
26,184
25,184
24,184
23,184
22,184
21,184
20,184
19,184
18,184
17,184
16,184
15,184
14,184
13,184
12,184
11,184
11,185
11,186
11,187
11,188
11,189
11,190
11,191
11,192
11,193
11,194
10,195
10,196
9,197
9,198
8,199
8,200
7,201
7,202
