75,117
74,118
73,119
72,120
71,121
70,122
69,122
68,122
67,122
66,122
65,122
64,122
63,122
62,122
62,123
62,124
62,125
62,126
62,127
62,128
62,129
62,130
62,131
62,132
62,133
62,134
62,135
62,136
62,137
62,138
62,139
62,140
62,141
62,142
62,143
62,144
62,145
62,146
62,147
62,148
62,149
62,150
62,151
62,152
62,153
62,154
62,155
62,156
62,157
62,158
62,159
62,160
62,161
62,162
62,163
62,164
62,165
62,166
62,167
62,168
62,169
62,170
62,171
63,172
64,173
65,174
65,175
65,176
65,177
65,178
65,179
65,180
65,181
65,182
65,183
65,184
65,185
65,186
65,187
65,188
65,189
65,190
65,191
65,192
65,193
65,194
65,195
65,196
65,197
65,198
65,199
65,200
65,201
65,202
65,203
64,203
63,203
62,203
61,203
60,203
59,203
58,203
57,203
56,203
55,203
54,203
53,203
52,203
51,203
50,203
49,203
48,203
47,203
46,203
45,203
44,203
43,203
42,203
41,203
40,203
39,203
38,203
37,203
36,203
35,203
34,203
33,202
32,201
31,200
30,199
29,198
28,197
27,196
26,195
25,194
24,194
23,193
22,193
21,192
20,192
