126,6
126,7
126,8
126,9
126,10
126,11
126,12
126,13
126,14
126,15
126,16
126,17
126,18
126,19
126,20
126,21
126,22
126,23
126,24
126,25
126,26
126,27
126,28
126,29
126,30
126,31
126,32
126,33
126,34
126,35
127,36
128,37
129,38
130,39
131,40
132,41
133,42
134,43
135,44
136,45
137,46
138,47
139,48
140,49
141,50
142,51
143,52
144,53
145,54
146,55
147,56
148,57
148,58
149,59
150,60
150,61
150,62
151,63
151,64
151,65
151,66
151,67
151,68
152,69
152,70
152,71
152,72
152,73
152,74
152,75
152,76
152,77
152,78
152,79
152,80
152,81
152,82
152,83
152,84
152,85
152,86
152,87
152,88
152,89
152,90
152,91
152,92
152,93
153,94
154,95
155,96
156,97
157,98
158,99
159,100
160,101
161,102
162,103
163,104
164,105
165,106
166,107
167,108
168,109
169,110
170,111
171,112
172,113
173,114
173,115
173,116
173,117
173,118
173,119
173,120
173,121
173,122
173,123
173,124
173,125
173,126
173,127
173,128
173,129
173,130
173,131
173,132
173,133
173,134
173,135
173,136
173,137
173,138
173,139
173,140
173,141
173,142
173,143
173,144
173,145
173,146
173,147
173,148
173,149
173,150
173,151
173,152
173,153
173,154
173,155
173,156
173,157
173,158
173,159
173,160
173,161
174,162
174,163
174,164
175,165
175,166
176,167
176,168
177,169
177,170
178,171
178,172
179,173
179,174
179,175
180,176
180,177
181,178
181,179
182,180
182,181
183,182
183,183
183,184
184,185
