208,105
207,106
206,107
205,108
204,109
203,110
202,111
201,112
200,113
199,114
198,115
197,116
196,117
195,118
194,119
193,120
192,121
191,122
190,123
189,124
188,125
187,126
186,127
185,128
184,129
183,130
182,131
181,132
180,133
179,134
178,135
177,136
176,137
175,138
174,139
173,140
172,141
171,142
170,143
169,144
168,145
167,146
166,147
165,148
164,149
163,150
163,151
162,152
161,153
160,154
159,155
159,156
159,157
159,158
159,159
159,160
159,161
159,162
159,163
159,164
159,165
159,166
159,167
159,168
159,169
158,170
157,171
156,172
155,173
154,174
153,175
152,176
151,177
150,178
149,179
148,180
147,181
146,182
145,183
144,184
143,185
142,186
141,186
140,187
139,187
138,188
137,189
136,190
135,191
134,192
133,193
132,194
131,195
130,196
129,197
128,198
127,199
126,199
125,199
124,199
123,199
122,199
121,199
120,199
119,199
118,199
117,199
116,199
115,199
114,199
113,199
112,200
111,200
110,200
109,201
