7,214
8,213
9,212
10,211
11,210
12,209
13,208
14,207
15,206
16,205
17,204
18,203
19,202
20,201
21,200
22,199
23,198
24,197
25,196
26,195
26,194
26,193
26,192
26,191
27,190
28,189
29,188
30,187
31,186
32,185
33,184
34,183
35,182
36,181
37,180
38,179
39,178
40,177
41,176
42,175
43,174
44,173
45,172
46,171
47,170
48,169
49,168
49,167
50,166
51,165
52,164
53,163
54,162
55,161
56,160
57,159
58,158
59,157
60,156
61,155
62,154
63,153
64,152
65,151
66,150
67,149
68,148
69,147
70,146
71,145
72,144
73,143
74,142
75,141
76,140
77,139
77,138
78,137
78,136
78,135
78,134
78,133
78,132
78,131
78,130
78,129
78,128
78,127
78,126
78,125
78,124
78,123
78,122
78,121
78,120
78,119
78,118
78,117
78,116
78,115
78,114
78,113
78,112
78,111
78,110
78,109
78,108
78,107
78,106
78,105
78,104
78,103
78,102
78,101
78,100
78,99
78,98
78,97
78,96
78,95
78,94
78,93
78,92
78,91
78,90
78,89
78,88
78,87
78,86
78,85
78,84
78,83
78,82
78,81
78,80
78,79
78,78
78,77
78,76
78,75
78,74
78,73
78,72
78,71
78,70
78,69
78,68
78,67
78,66
78,65
78,64
78,63
78,62
78,61
78,60
78,59
78,58
78,57
78,56
78,55
78,54
78,53
78,52
78,51
78,50
78,49
78,48
78,47
78,46
79,46
80,46
81,46
82,46
83,46
84,46
85,46
86,46
87,46
88,46
89,46
90,46
91,46
92,46
93,46
94,46
95,46
96,46
97,46
98,46
99,46
100,46
101,46
102,46
103,46
104,46
105,46
106,46
107,46
108,46
109,46
110,46
111,46
112,46
113,46
114,46
115,46
116,46
117,46
118,46
119,46
120,46
121,46
122,46
123,46
124,46
125,46
126,46
127,46
128,46
129,46
130,46
131,46
132,46
133,46
134,46
135,46
136,46
137,46
138,46
139,46
140,46
141,46
142,46
143,46
144,46
145,46
146,46
147,46
148,46
149,46
150,46
151,46
152,46
153,46
154,46
155,46
156,46
157,46
158,46
159,46
160,46
161,46
162,46
163,46
164,46
165,46
166,46
167,46
168,46
169,46
170,46
171,46
172,46
173,46
174,46
175,46
176,46
177,46
178,46
179,46
180,46
181,46
182,46
183,46
184,46
185,46
186,46
187,46
188,46
189,46
190,46
191,46
192,46
193,46
194,45
195,45
196,44
197,44
198,43
199,43
200,42
201,42
202,41
203,41
