10,118
11,119
12,120
13,121
14,122
15,123
15,124
15,125
15,126
15,127
15,128
15,129
15,130
16,131
16,132
16,133
16,134
16,135
16,136
16,137
16,138
16,139
16,140
16,141
16,142
16,143
16,144
16,145
16,146
16,147
16,148
17,149
18,150
19,151
20,152
21,153
22,154
23,155
24,156
25,157
26,158
27,159
28,160
29,161
30,162
31,163
32,164
33,165
34,166
35,167
36,168
37,169
38,170
39,171
40,172
41,173
42,174
43,175
44,175
45,176
46,177
47,177
48,178
49,178
50,178
51,179
52,179
53,179
54,179
55,179
56,179
57,180
58,180
59,180
60,180
61,180
62,180
63,180
64,180
65,180
66,180
67,180
68,180
69,180
70,180
71,180
72,180
73,180
74,180
75,180
76,180
77,180
78,180
79,180
80,179
81,179
82,179
83,178
84,178
85,178
86,178
87,178
88,178
89,177
90,177
91,177
92,177
93,177
94,177
95,177
96,177
97,177
98,177
99,177
100,177
101,177
102,177
103,177
104,177
105,177
106,177
107,177
108,177
109,177
110,177
111,177
112,177
113,177
114,177
115,177
116,177
117,177
118,177
119,177
120,177
121,177
122,177
123,177
124,177
125,177
126,177
127,177
128,177
129,177
130,177
131,177
132,177
133,177
134,177
135,177
136,177
137,177
138,177
139,177
140,177
