58,102
59,103
60,104
61,105
62,106
63,107
64,108
65,109
66,110
67,111
68,112
69,113
70,114
71,115
72,116
73,117
73,118
73,119
73,120
73,121
73,122
73,123
73,124
73,125
73,126
73,127
74,128
75,129
76,130
77,131
78,132
79,133
80,134
81,135
82,136
83,137
84,138
85,139
86,140
87,141
88,142
89,143
90,144
91,145
92,146
93,147
94,148
95,149
95,150
95,151
96,152
97,153
98,154
99,155
100,156
101,157
102,158
103,159
104,160
105,161
106,162
107,163
108,164
109,165
110,166
111,167
112,168
113,169
114,170
115,171
116,172
117,173
118,174
119,175
120,176
121,177
122,178
123,179
124,180
125,181
126,182
127,183
128,184
129,185
130,186
131,187
132,188
133,189
134,190
135,191
136,192
137,193
137,194
137,195
137,196
137,197
137,198
137,199
138,199
139,199
140,199
141,199
142,199
143,199
144,199
145,199
146,199
147,199
148,199
149,199
150,199
151,199
152,199
153,199
154,199
155,199
156,199
157,199
158,199
159,199
160,199
161,199
162,199
163,199
164,199
165,199
166,200
167,200
168,201
169,201
170,201
171,202
