178,218
177,217
176,216
175,215
174,214
173,213
172,212
172,211
172,210
172,209
172,208
172,207
172,206
172,205
172,204
172,203
172,202
172,201
172,200
172,199
172,198
172,197
172,196
172,195
172,194
172,193
172,192
172,191
172,190
172,189
172,188
171,187
170,186
169,185
168,184
167,183
167,182
166,181
165,180
165,179
164,178
163,177
162,176
161,175
160,175
159,174
158,173
157,173
156,172
155,172
154,172
153,171
152,171
151,171
150,171
149,171
148,171
147,170
146,170
145,170
144,170
143,170
142,170
141,170
140,170
139,170
138,170
137,170
136,170
135,170
134,170
133,170
132,170
131,170
130,170
129,170
128,170
127,170
126,170
125,170
124,170
123,170
122,170
121,170
120,170
119,170
118,170
117,170
116,170
115,170
114,170
113,170
112,170
111,170
110,169
109,168
108,167
107,166
106,165
105,164
104,163
103,162
102,161
101,160
100,159
99,158
98,157
97,156
96,155
95,154
94,153
93,152
92,152
91,152
90,152
89,152
88,152
87,152
86,152
85,152
84,152
83,152
82,152
81,152
80,152
79,152
78,152
77,152
76,152
75,152
74,152
73,152
72,152
71,152
70,152
69,151
68,151
67,150
66,150
65,150
64,149
63,149
62,148
61,148
60,147
59,147
58,146
57,146
56,145
55,145
