102,104
103,105
104,106
105,107
106,108
107,109
108,110
109,110
110,110
111,110
112,110
113,110
114,110
115,110
116,110
117,110
118,110
119,110
120,110
121,110
122,110
123,110
124,110
125,110
126,110
127,110
128,110
129,110
130,110
131,110
132,110
133,111
134,112
135,113
136,114
137,115
138,116
139,117
140,118
141,119
142,120
143,121
144,122
145,123
146,124
147,125
148,126
149,127
150,128
151,129
152,130
153,130
153,131
153,132
153,133
153,134
153,135
153,136
153,137
153,138
153,139
153,140
153,141
153,142
153,143
153,144
153,145
153,146
153,147
153,148
153,149
153,150
153,151
153,152
153,153
153,154
153,155
153,156
153,157
153,158
153,159
153,160
153,161
153,162
153,163
154,164
