98,193
99,192
100,191
101,190
102,189
103,188
104,187
105,187
106,187
107,187
108,187
109,187
110,187
111,187
112,187
113,187
114,187
115,187
116,187
117,187
118,187
119,187
120,187
121,187
122,187
123,187
124,187
125,187
126,187
127,187
128,187
129,186
130,185
131,184
132,183
133,182
134,181
135,181
136,181
137,181
138,181
139,181
140,181
141,181
142,181
143,181
144,181
145,181
146,181
147,181
148,181
149,181
150,181
151,181
152,181
153,181
154,181
155,181
156,181
157,181
158,181
159,181
160,181
161,181
162,181
163,181
164,181
165,181
166,181
167,181
168,180
169,180
170,180
171,180
172,180
173,180
174,179
175,179
176,178
177,178
178,177
179,177
180,176
181,175
182,174
183,173
183,172
184,171
184,170
185,169
185,168
186,167
186,166
186,165
186,164
186,163
186,162
187,161
187,160
187,159
187,158
187,157
187,156
187,155
187,154
187,153
187,152
187,151
187,150
187,149
188,148
189,147
190,146
191,145
192,144
193,143
194,142
194,141
194,140
194,139
194,138
194,137
194,136
194,135
194,134
194,133
194,132
194,131
194,130
194,129
194,128
194,127
194,126
194,125
194,124
194,123
194,122
194,121
194,120
194,119
194,118
194,117
194,116
194,115
194,114
194,113
194,112
194,111
194,110
194,109
194,108
194,107
194,106
194,105
194,104
194,103
194,102
194,101
194,100
194,99
194,98
194,97
194,96
194,95
194,94
194,93
194,92
194,91
194,90
194,89
194,88
194,87
194,86
194,85
194,84
194,83
194,82
194,81
194,80
