210,76
209,76
208,76
207,76
206,76
205,76
204,76
203,76
202,76
201,76
200,76
199,76
198,76
197,76
196,76
195,76
194,76
193,76
192,76
191,76
190,76
189,76
188,76
187,76
186,76
185,76
184,76
183,76
182,76
181,76
180,76
179,76
178,76
177,76
176,76
175,76
174,76
173,76
172,76
171,77
170,77
169,77
168,77
167,77
166,78
165,78
164,78
163,79
162,80
161,80
160,81
159,82
158,83
157,84
156,85
155,86
154,87
153,88
152,89
151,90
150,91
149,92
148,93
147,94
146,95
145,96
144,97
143,98
142,99
141,100
140,101
139,102
138,103
137,104
136,105
135,106
134,107
133,108
132,109
131,110
130,111
129,112
128,113
127,114
126,115
125,116
124,116
123,116
122,116
121,116
120,116
119,116
118,116
117,116
116,116
115,117
114,117
113,117
112,117
111,117
110,117
109,118
108,118
107,118
106,119
105,119
104,120
103,121
102,122
101,122
100,123
99,124
98,125
97,126
96,127
95,128
94,129
93,130
92,131
91,132
90,133
89,134
88,134
87,135
86,135
85,136
84,136
83,137
82,137
81,138
80,138
79,139
78,139
77,139
76,140
75,140
74,141
73,141
72,142
71,142
70,143
69,143
68,143
67,144
