210,181
209,181
208,181
207,181
206,181
205,181
204,181
203,181
202,181
201,181
200,181
199,181
198,181
197,181
196,181
195,181
194,182
193,182
192,182
191,182
190,182
189,182
188,182
187,182
186,182
185,182
184,182
183,182
182,182
181,182
180,182
179,182
178,182
177,182
176,182
175,182
174,182
173,182
172,182
171,182
170,182
169,182
168,182
167,182
166,182
165,182
164,182
163,182
162,182
161,182
160,182
159,182
158,182
157,182
156,182
155,182
154,182
153,182
152,182
151,182
150,182
149,182
148,182
147,182
146,182
145,182
144,182
143,182
142,182
141,182
140,182
139,182
138,182
137,182
136,182
135,182
134,182
133,182
132,182
131,182
130,182
129,182
128,182
127,182
126,182
125,182
124,181
123,181
122,180
121,180
120,179
119,179
118,178
117,178
116,177
115,177
114,177
113,177
112,177
111,177
110,177
109,177
108,177
107,177
106,177
105,177
104,177
103,177
102,177
101,177
100,177
99,177
98,177
97,177
96,177
95,177
94,177
93,177
92,177
91,177
90,177
89,177
88,177
87,177
86,177
85,177
84,177
83,177
82,177
81,177
80,177
79,177
78,177
77,177
76,177
75,177
74,177
73,177
72,177
71,177
70,177
69,177
68,177
67,177
66,177
65,177
64,177
63,177
62,177
61,177
60,177
59,177
58,177
57,177
56,177
55,177
54,177
53,177
52,177
51,177
50,177
49,177
48,177
47,177
46,177
45,177
44,177
43,177
42,177
41,177
40,177
39,177
38,177
37,177
36,177
35,177
34,177
33,177
32,177
31,177
30,177
29,177
28,177
27,177
26,177
25,177
24,177
23,177
22,177
21,177
20,177
19,177
18,177
17,177
16,177
16,176
16,175
16,174
16,173
16,172
16,171
16,170
16,169
16,168
16,167
16,166
16,165
16,164
16,163
16,162
16,161
16,160
16,159
16,158
16,157
16,156
16,155
16,154
15,153
15,152
14,151
14,150
13,149
13,148
13,147
12,146
12,145
11,144
11,143
10,142
10,141
9,140
9,139
8,138
8,137
8,136
7,135
7,134
6,133
6,132
5,131
5,130
4,129
4,128
3,127
3,126
