128,6
129,7
130,8
131,9
132,10
133,11
134,12
134,13
134,14
134,15
134,16
134,17
134,18
134,19
134,20
134,21
134,22
134,23
134,24
134,25
134,26
134,27
134,28
134,29
134,30
134,31
134,32
134,33
134,34
134,35
134,36
135,37
136,38
137,39
138,40
139,41
140,42
141,43
142,44
143,45
144,46
145,47
146,48
147,49
148,50
149,51
150,52
151,53
152,54
153,55
154,56
155,57
156,58
157,59
158,60
159,61
160,62
161,63
162,64
163,65
164,66
165,67
166,68
167,69
168,70
169,71
170,72
171,72
172,72
173,72
174,72
175,72
176,72
177,72
178,72
179,72
180,72
181,72
182,72
183,72
184,72
185,72
186,72
187,72
188,72
189,72
190,72
191,72
192,72
193,72
193,73
193,74
193,75
193,76
193,77
194,78
194,79
194,80
195,81
196,82
197,83
198,84
199,85
200,86
201,87
202,88
203,89
203,90
203,91
203,92
203,93
203,94
203,95
203,96
203,97
203,98
203,99
203,100
204,101
