9,165
10,165
11,165
12,165
13,165
14,165
15,165
16,165
17,165
18,165
19,165
20,165
21,165
22,165
23,165
24,165
25,165
26,165
27,165
28,165
29,165
30,165
31,165
32,165
33,165
34,165
35,165
36,165
37,165
38,165
39,165
40,165
41,165
42,165
43,165
44,166
45,167
46,168
47,169
48,170
49,171
50,172
51,173
52,174
53,175
54,176
55,177
56,178
57,179
58,180
59,181
60,182
61,183
62,184
63,185
64,186
65,187
66,188
67,189
68,190
69,191
70,192
71,193
72,194
73,195
74,196
75,197
76,198
77,199
78,199
79,200
80,200
81,201
82,201
83,202
84,202
85,202
86,202
87,202
88,202
89,203
90,203
91,203
92,203
93,203
94,203
95,203
96,203
97,203
98,202
99,202
100,202
101,202
102,202
103,202
104,201
105,201
106,200
107,200
108,199
109,199
110,198
111,197
112,196
113,195
114,194
115,193
116,192
117,191
118,190
119,189
120,188
121,187
122,186
123,185
124,184
125,183
126,182
127,181
128,180
129,179
130,178
131,177
132,176
133,175
134,174
135,173
136,172
137,171
138,170
139,169
140,168
141,167
142,166
143,165
144,164
145,163
146,162
147,161
148,160
149,159
150,158
151,157
152,156
153,155
154,154
155,153
156,152
157,151
157,150
157,149
158,148
158,147
159,146
159,145
160,144
160,143
161,142
161,141
162,140
162,139
162,138
163,137
163,136
164,135
164,134
165,133
165,132
166,131
166,130
167,129
167,128
167,127
168,126
168,125
169,124
169,123
170,122
170,121
171,120
171,119
172,118
172,117
173,116
173,115
173,114
174,113
174,112
175,111
175,110
176,109
176,108
177,107
177,106
178,105
178,104
178,103
179,102
179,101
180,100
180,99
181,98
181,97
182,96
182,95
183,94
183,93
183,92
184,91
184,90
185,89
185,88
186,87
186,86
187,85
187,84
188,83
188,82
188,81
189,80
189,79
190,78
190,77
191,76
191,75
192,74
192,73
193,72
193,71
193,70
194,69
194,68
195,67
195,66
196,65
196,64
197,63
197,62
198,61
198,60
198,59
199,58
199,57
200,56
200,55
201,54
201,53
202,52
202,51
203,50
203,49
203,48
204,47
204,46
205,45
205,44
206,43
206,42
207,41
207,40
207,39
208,38
