57,107
58,108
59,109
60,110
61,111
62,112
63,113
64,114
64,115
64,116
64,117
64,118
64,119
64,120
64,121
64,122
64,123
64,124
64,125
64,126
64,127
64,128
64,129
64,130
64,131
64,132
64,133
64,134
64,135
65,136
66,137
67,138
68,139
69,140
70,141
71,142
72,143
73,144
74,145
75,146
76,147
77,148
78,149
78,150
79,151
80,152
81,153
82,154
83,155
84,156
85,157
86,158
87,158
88,158
89,159
90,159
91,159
92,160
93,160
94,160
95,160
96,160
97,160
98,161
99,161
100,161
101,161
102,161
103,161
104,161
105,161
106,161
107,161
108,161
109,161
110,161
111,161
112,161
113,161
114,161
115,161
116,161
117,161
118,161
119,161
120,161
121,161
122,161
123,161
124,161
125,161
126,161
127,161
128,161
129,161
130,162
131,163
132,164
133,165
134,166
135,167
136,168
137,169
138,170
139,171
140,172
141,173
142,174
143,175
144,176
145,176
146,176
147,176
148,176
149,176
150,176
151,176
152,176
153,176
154,176
155,176
156,176
157,176
158,176
159,176
160,176
161,176
162,176
163,176
164,176
165,176
166,176
167,176
168,176
169,176
170,176
171,176
172,176
173,176
174,176
175,176
176,176
177,176
