140,121
141,122
142,123
143,124
144,125
145,126
146,127
147,128
148,129
149,130
150,131
151,132
152,132
153,132
154,132
155,132
156,132
157,132
158,132
159,132
160,132
161,132
162,132
163,132
164,132
165,132
166,132
167,132
168,133
169,134
170,135
171,136
172,137
173,138
174,139
175,140
176,141
176,142
176,143
176,144
176,145
176,146
176,147
176,148
176,149
176,150
176,151
176,152
176,153
177,154
177,155
177,156
178,157
179,158
180,159
180,160
180,161
180,162
181,163
181,164
182,165
182,166
182,167
183,168
183,169
184,170
184,171
185,172
185,173
186,174
186,175
187,176
187,177
187,178
188,179
188,180
189,181
189,182
190,183
190,184
191,185
191,186
191,187
192,188
