133,137
134,138
135,139
136,140
137,141
138,142
139,143
140,144
141,145
142,146
143,147
144,147
145,147
146,147
147,147
148,147
149,147
150,147
151,147
152,147
153,147
154,147
155,147
156,147
157,147
158,147
159,147
160,147
161,147
162,148
163,149
164,150
165,151
166,152
167,153
168,154
169,155
170,156
171,157
172,158
173,159
174,160
175,161
176,162
177,163
178,164
179,165
180,166
181,167
182,168
183,169
184,170
185,171
186,172
187,173
188,174
189,175
190,176
191,177
192,178
193,179
194,180
195,181
196,182
197,183
198,184
199,185
200,186
201,187
202,188
203,189
204,190
205,191
206,192
207,193
208,194
209,194
210,195
211,195
212,196
213,196
214,196
215,197
