11,112
12,113
13,113
14,114
15,115
16,115
17,115
18,115
19,115
20,115
21,115
22,115
23,115
24,115
25,115
26,115
27,115
28,115
29,115
30,115
31,115
32,115
33,115
34,115
35,115
36,115
37,115
38,115
39,115
40,115
41,115
42,116
43,117
44,118
45,119
46,120
47,121
48,122
49,123
50,124
51,125
52,126
53,127
54,128
55,129
56,130
57,131
58,132
59,133
60,134
61,135
62,136
63,137
64,138
65,138
66,139
67,140
68,141
69,142
70,143
71,144
72,145
73,145
74,146
75,146
76,147
77,148
78,149
79,150
80,151
81,152
82,153
83,154
84,155
85,156
86,157
87,158
88,159
89,160
90,161
91,162
92,163
93,164
94,165
95,166
96,167
97,168
98,169
99,170
100,171
101,172
102,173
103,174
104,175
105,176
106,177
107,178
108,179
109,180
110,181
111,182
112,182
113,182
114,182
115,182
116,182
117,182
118,182
119,182
120,182
121,183
122,183
123,184
124,184
125,184
126,184
127,184
128,185
129,185
130,185
131,185
132,185
133,185
134,185
135,185
136,185
137,185
138,185
139,185
140,185
141,185
142,185
143,185
144,185
145,185
146,185
147,185
148,185
149,185
150,185
151,185
152,185
153,185
154,185
155,185
156,185
157,184
158,184
