179,116
178,116
177,117
176,118
175,119
174,120
173,121
172,122
171,123
170,124
169,125
168,126
167,127
166,128
165,129
164,130
163,131
162,132
161,133
160,134
159,135
158,136
157,137
156,138
155,139
154,140
153,141
152,142
151,143
150,144
149,145
148,146
147,147
146,148
145,149
144,150
143,151
142,152
141,153
140,154
139,155
138,156
137,157
136,158
135,159
134,160
133,161
132,162
131,163
130,164
129,165
128,166
127,167
126,168
125,169
124,170
123,171
122,172
121,173
120,174
119,175
118,176
117,176
116,176
115,176
114,176
113,176
112,176
111,176
110,176
109,176
108,176
107,176
106,176
105,176
104,176
103,176
102,176
101,176
100,176
99,176
98,176
97,176
96,176
95,176
94,176
93,176
92,176
91,176
90,176
89,176
88,176
87,176
86,176
85,176
84,176
83,176
82,176
81,176
80,176
79,176
78,177
77,177
76,177
75,177
74,177
73,177
72,178
71,178
70,178
69,178
68,178
67,178
66,178
65,178
64,178
63,178
62,178
61,178
60,178
59,178
58,178
57,178
56,178
55,178
54,178
53,178
52,178
51,178
50,178
49,178
48,178
47,178
46,178
45,178
44,178
43,178
42,178
41,178
40,178
39,178
38,177
37,177
36,176
35,176
34,175
33,175
32,174
31,174
30,173
29,173
