25,101
26,102
27,102
28,102
29,102
30,102
31,102
32,102
33,102
34,102
35,102
36,102
37,102
38,102
39,102
40,102
41,102
42,102
43,102
44,102
45,102
46,102
47,102
48,102
49,102
50,102
51,102
52,102
53,102
54,102
55,102
56,102
57,102
58,103
59,104
60,105
61,106
62,107
63,108
64,109
65,110
66,111
67,112
68,113
69,114
70,114
71,114
72,115
73,115
74,116
75,116
76,117
77,117
78,118
79,119
80,120
81,121
82,122
83,123
84,124
85,125
86,126
87,127
88,128
89,129
90,130
91,131
92,132
93,133
94,134
95,135
96,136
97,137
98,138
99,139
100,140
101,141
102,142
102,143
102,144
103,144
104,144
105,144
106,144
107,144
108,144
109,144
110,144
111,144
112,144
113,144
114,145
115,145
116,146
117,146
118,146
119,147
120,147
121,148
122,148
123,149
124,149
125,150
126,150
127,151
128,151
129,151
130,151
131,151
132,151
133,151
134,151
135,151
136,151
137,151
138,151
139,151
140,151
141,151
142,151
143,151
144,151
145,151
146,152
147,152
148,152
149,152
150,152
151,152
152,153
153,153
154,153
155,154
156,154
157,155
158,155
159,156
160,157
161,158
162,159
163,160
164,161
165,162
166,163
167,164
168,165
169,166
170,167
171,168
172,169
173,170
174,171
175,172
176,173
177,173
178,174
179,174
180,175
181,175
182,176
183,176
184,176
185,177
186,177
187,178
188,178
189,179
190,179
191,180
192,180
193,180
194,181
