210,127
209,128
209,129
209,130
209,131
209,132
209,133
209,134
209,135
209,136
209,137
209,138
209,139
209,140
209,141
209,142
209,143
209,144
209,145
209,146
209,147
209,148
209,149
209,150
209,151
209,152
209,153
209,154
209,155
209,156
209,157
209,158
209,159
208,160
207,161
206,162
205,163
204,164
203,165
202,166
201,167
200,168
199,169
198,170
197,171
196,172
196,173
195,174
195,175
195,176
195,177
195,178
195,179
195,180
195,181
195,182
195,183
195,184
195,185
195,186
195,187
195,188
195,189
195,190
195,191
195,192
195,193
195,194
195,195
195,196
195,197
195,198
195,199
195,200
195,201
195,202
195,203
195,204
195,205
195,206
195,207
195,208
194,208
193,208
192,208
191,208
190,208
189,208
188,208
187,208
186,208
185,208
184,208
183,208
182,208
181,208
180,208
179,208
178,208
177,208
176,208
175,208
174,208
173,208
172,208
171,208
170,208
169,208
168,208
167,208
166,208
165,209
164,210
163,211
162,212
161,213
160,214
159,215
158,216
157,216
156,216
155,216
154,216
153,216
152,216
151,216
150,216
149,216
148,216
147,216
146,216
145,216
144,216
143,216
142,216
141,216
140,216
139,216
138,216
137,216
136,216
135,216
134,216
133,216
132,216
131,216
130,216
129,216
128,216
127,216
126,216
125,216
124,216
123,216
122,216
121,216
120,216
119,216
118,216
117,216
116,216
115,216
114,217
113,217
112,217
111,218
