48,102
49,103
50,104
51,105
52,106
53,107
54,108
55,109
56,110
57,111
57,112
57,113
57,114
58,115
58,116
58,117
58,118
58,119
58,120
59,121
59,122
59,123
60,124
60,125
61,126
61,127
62,128
63,129
64,130
65,131
66,132
67,133
68,134
69,134
70,135
71,135
72,136
73,136
74,136
75,137
76,137
77,137
78,137
79,137
80,137
81,138
82,138
83,138
84,138
85,138
86,138
87,138
88,138
89,139
90,139
91,139
92,139
93,139
94,139
95,139
96,139
97,139
98,139
99,139
100,139
101,139
102,139
103,139
104,139
105,139
106,139
107,139
108,139
109,139
110,139
111,139
112,139
113,139
114,139
115,139
116,139
117,139
118,139
119,139
120,139
121,139
122,139
123,139
124,139
125,139
126,139
127,140
128,141
129,142
130,143
131,144
132,145
133,146
134,147
135,148
136,149
137,150
138,151
139,152
140,153
141,154
142,155
143,156
144,157
145,158
146,159
147,159
148,159
149,159
150,159
151,159
152,159
153,159
154,159
155,159
156,159
157,159
158,159
159,159
160,159
161,159
162,159
163,159
164,159
165,159
166,159
167,159
168,159
169,159
170,159
171,159
172,159
173,159
174,159
175,159
176,159
177,160
178,160
179,161
180,161
181,162
182,162
183,162
184,163
185,163
186,164
187,164
188,165
189,165
190,166
191,166
192,166
193,167
