9,21
10,22
11,23
12,24
13,25
14,26
15,27
16,28
17,29
18,30
19,31
20,32
21,33
22,34
23,35
24,36
25,37
26,38
27,39
28,40
29,41
30,42
31,43
32,44
33,45
34,46
35,47
36,48
37,49
38,50
39,51
40,52
41,53
42,54
43,55
44,56
45,57
46,58
47,59
48,60
49,61
50,62
51,63
52,64
53,65
54,66
55,67
56,68
57,69
58,70
59,71
60,72
61,73
62,74
63,75
64,76
65,77
66,78
67,79
68,80
69,81
70,82
71,83
72,84
73,85
74,86
75,87
76,88
77,89
78,90
79,91
80,92
81,93
82,94
83,95
84,96
85,97
86,98
87,99
88,100
89,101
90,102
91,103
92,104
93,105
94,106
95,107
96,108
97,109
98,110
99,111
100,112
101,113
101,114
102,115
102,116
103,117
103,118
104,119
104,120
105,121
105,122
105,123
106,124
106,125
107,126
107,127
108,128
108,129
109,130
109,131
110,132
110,133
110,134
111,135
111,136
112,137
112,138
113,139
113,140
114,141
114,142
115,143
115,144
115,145
116,146
116,147
117,148
117,149
118,150
118,151
119,152
119,153
119,154
120,155
