29,118
30,118
31,118
32,118
33,118
34,118
35,118
36,118
37,118
38,118
39,118
40,118
41,118
42,118
43,118
44,118
45,118
46,118
47,118
48,118
49,118
50,118
51,118
52,118
53,119
54,119
55,119
56,119
57,119
58,119
59,119
60,119
61,119
62,120
63,121
64,122
65,123
66,124
67,125
68,125
69,126
70,126
71,127
72,127
73,128
74,128
75,129
76,129
77,129
78,130
79,130
80,131
81,131
82,132
83,132
84,133
85,133
86,134
87,134
88,134
89,135
90,135
91,136
92,136
93,137
94,137
95,138
96,138
97,139
98,139
99,139
100,140
101,140
102,141
103,142
104,143
105,144
106,145
107,146
108,147
109,148
110,149
111,150
112,151
113,152
114,153
115,154
116,155
117,156
118,157
119,158
120,159
121,160
122,161
123,162
124,163
125,164
126,165
127,166
128,167
129,168
130,169
131,170
132,171
133,172
134,173
135,173
136,173
137,173
138,173
139,173
140,173
141,173
142,173
143,173
144,173
145,173
146,173
147,173
148,173
149,173
150,173
151,173
152,173
153,173
154,173
155,173
156,173
157,173
158,173
159,173
160,173
161,173
162,173
163,173
164,173
165,173
166,173
167,173
168,173
169,173
170,173
171,173
172,173
173,173
174,174
175,174
176,175
177,175
178,175
179,176
180,176
181,177
182,177
183,178
184,178
185,179
186,179
187,179
188,180
