79,113
80,114
81,115
82,116
83,117
84,118
85,119
86,120
87,121
88,122
89,123
89,124
89,125
89,126
89,127
89,128
89,129
89,130
89,131
89,132
89,133
89,134
89,135
89,136
89,137
89,138
89,139
89,140
89,141
90,142
91,143
92,144
93,145
94,146
95,147
96,148
97,149
98,150
98,151
99,152
99,153
100,154
101,155
102,156
103,157
104,158
105,159
106,160
107,160
108,161
109,161
110,162
111,162
112,162
113,163
114,163
115,163
116,163
117,163
118,163
119,164
120,164
121,164
122,164
123,164
124,164
125,164
126,164
127,164
128,164
129,164
130,164
131,164
132,164
133,164
134,164
135,164
136,164
137,165
138,165
139,165
140,166
141,166
142,167
143,167
144,168
145,168
146,169
147,169
148,170
149,170
150,170
151,171
152,171
153,172
154,172
155,173
156,173
157,174
158,174
159,175
160,175
161,175
162,176
163,176
164,177
165,177
166,178
167,178
168,179
169,179
170,179
171,180
