167,189
168,189
169,189
170,189
171,189
172,189
173,189
174,190
175,191
176,191
177,191
178,191
179,191
180,191
181,191
182,191
183,192
184,192
185,192
186,192
187,192
188,192
189,192
190,192
191,192
192,192
193,192
194,192
195,192
196,192
197,192
198,192
199,192
200,192
201,192
202,192
203,192
204,192
205,192
206,192
207,192
208,192
209,192
210,192
211,192
212,192
213,192
214,192
215,192
215,191
215,190
215,189
215,188
215,187
215,186
215,185
215,184
215,183
215,182
215,181
215,180
215,179
216,178
216,177
216,176
216,175
216,174
216,173
216,172
216,171
216,170
216,169
216,168
216,167
216,166
216,165
216,164
216,163
216,162
216,161
216,160
216,159
216,158
216,157
216,156
216,155
216,154
216,153
216,152
216,151
216,150
216,149
216,148
216,147
216,146
216,145
216,144
216,143
216,142
216,141
216,140
216,139
216,138
216,137
216,136
216,135
216,134
216,133
216,132
216,131
216,130
216,129
216,128
216,127
216,126
216,125
216,124
216,123
216,122
216,121
216,120
216,119
216,118
216,117
216,116
217,115
218,114
218,113
218,112
218,111
218,110
218,109
218,108
218,107
218,106
218,105
218,104
218,103
218,102
218,101
218,100
218,99
218,98
218,97
218,96
218,95
218,94
218,93
218,92
218,91
218,90
218,89
218,88
218,87
218,86
218,85
218,84
218,83
218,82
218,81
218,80
218,79
218,78
218,77
218,76
218,75
218,74
218,73
218,72
218,71
218,70
218,69
218,68
218,67
218,66
218,65
218,64
218,63
218,62
218,61
218,60
218,59
