211,134
210,135
209,136
208,137
207,138
206,139
205,140
204,141
203,142
202,143
201,144
200,145
199,146
198,147
197,148
196,148
195,148
194,148
193,148
192,148
191,148
190,148
189,148
188,148
187,148
186,148
185,148
184,148
183,149
182,149
182,150
182,151
182,152
182,153
182,154
182,155
182,156
181,157
181,158
180,159
180,160
179,161
179,162
178,163
178,164
178,165
177,166
177,167
176,168
176,169
175,170
175,171
174,172
174,173
173,174
173,175
173,176
172,177
172,178
171,179
171,180
170,181
170,182
169,183
169,184
168,185
168,186
168,187
167,188
167,189
166,190
166,191
165,192
165,193
164,194
164,195
163,196
163,197
163,198
162,199
162,200
161,201
161,202
160,203
160,204
159,205
159,206
158,207
158,208
158,209
157,210
157,211
156,212
156,213
155,214
155,215
154,216
154,217
153,218
153,219
