135,118
136,119
137,120
138,121
139,122
140,123
141,124
141,125
141,126
141,127
141,128
141,129
141,130
141,131
141,132
141,133
141,134
141,135
141,136
142,137
143,138
144,139
145,140
145,141
145,142
145,143
145,144
145,145
145,146
146,147
147,148
148,149
149,150
150,151
151,152
152,153
153,154
154,155
155,156
156,157
157,158
158,159
159,160
160,161
161,162
162,163
163,164
164,165
165,166
166,167
167,168
168,169
169,170
170,171
171,172
172,173
173,174
174,175
175,176
176,177
177,178
178,179
179,180
180,181
181,182
182,183
182,184
183,185
183,186
184,187
185,188
186,189
187,190
188,191
189,192
190,193
191,194
192,195
193,196
194,197
195,198
196,199
197,200
198,201
199,202
200,203
201,204
202,205
203,206
204,206
205,207
