157,7
158,8
159,9
160,10
161,11
162,12
163,13
164,14
165,15
166,16
167,17
168,18
169,19
170,20
171,21
172,22
172,23
172,24
172,25
172,26
172,27
172,28
172,29
172,30
172,31
172,32
173,33
174,34
175,35
176,36
177,37
178,38
179,39
180,40
181,41
182,42
183,43
184,44
185,45
186,46
187,47
188,48
189,49
190,50
191,51
192,52
193,53
194,54
194,55
194,56
195,57
196,58
197,59
198,60
199,61
200,62
201,63
202,64
202,65
203,66
203,67
204,68
204,69
204,70
205,71
205,72
206,73
206,74
207,75
207,76
208,77
208,78
208,79
209,80
