36,57
37,58
38,59
39,60
40,61
41,62
42,63
43,64
43,65
43,66
43,67
43,68
43,69
43,70
43,71
43,72
43,73
43,74
43,75
43,76
43,77
43,78
43,79
43,80
43,81
43,82
43,83
43,84
43,85
44,86
45,87
46,88
47,89
48,90
49,91
50,92
51,93
52,94
53,95
54,96
55,97
56,98
57,99
58,100
59,101
60,102
61,103
62,104
63,105
64,106
65,107
65,108
65,109
66,110
67,111
67,112
67,113
67,114
67,115
67,116
67,117
67,118
67,119
67,120
67,121
67,122
67,123
67,124
67,125
67,126
67,127
67,128
68,129
68,130
68,131
68,132
68,133
68,134
69,135
69,136
69,137
70,138
70,139
71,140
72,141
73,142
73,143
74,144
75,144
76,145
77,146
78,147
79,147
80,148
81,149
82,150
83,151
84,152
85,153
86,154
87,155
88,156
89,157
90,158
91,159
92,160
93,161
94,161
95,161
96,161
97,161
98,161
99,161
100,161
101,161
102,161
103,161
104,161
105,161
106,161
107,161
108,161
109,161
110,161
111,161
112,161
113,161
114,161
115,161
116,161
117,161
118,161
119,161
120,161
121,161
122,161
123,161
124,161
125,161
126,161
127,161
128,161
129,161
130,162
131,162
132,162
133,162
134,162
135,162
136,162
137,162
138,162
139,162
140,162
141,162
142,162
143,162
144,162
145,162
146,162
147,162
148,162
149,162
150,162
151,162
152,162
153,162
154,162
155,162
156,162
157,162
158,162
159,162
160,162
161,162
162,162
163,162
164,162
165,162
166,162
167,162
168,162
169,162
170,162
171,162
172,163
173,164
174,165
175,166
176,167
177,168
178,169
178,170
179,171
179,172
180,173
180,174
181,175
181,176
181,177
182,178
182,179
183,180
183,181
184,182
184,183
185,184
185,185
185,186
186,187
