168,143
168,142
168,141
168,140
168,139
168,138
168,137
168,136
168,135
168,134
168,133
168,132
168,131
168,130
168,129
168,128
168,127
168,126
168,125
168,124
168,123
168,122
168,121
168,120
168,119
168,118
168,117
168,116
168,115
168,114
168,113
168,112
168,111
168,110
168,109
169,108
169,107
169,106
169,105
169,104
169,103
169,102
169,101
169,100
168,99
168,98
168,97
168,96
168,95
168,94
167,93
167,92
166,91
166,90
165,89
164,88
163,87
162,86
161,85
160,84
159,83
158,82
157,81
156,80
155,79
154,78
153,77
152,76
151,75
150,74
149,73
148,72
147,71
146,70
145,69
144,68
143,67
142,66
141,65
140,64
139,63
138,62
137,61
136,60
135,59
134,58
133,57
132,56
132,55
132,54
131,54
130,54
129,54
128,54
127,53
126,52
125,51
124,50
123,49
122,48
121,47
120,46
119,45
118,44
117,43
116,42
115,41
114,41
113,41
112,41
111,41
110,41
109,41
108,41
107,41
106,41
105,41
104,41
103,41
102,41
101,41
100,41
99,41
98,41
97,41
96,41
95,41
94,41
93,41
92,41
91,40
90,39
89,38
88,37
87,36
86,35
85,34
84,33
83,32
82,31
81,30
80,29
79,28
78,27
77,26
76,25
75,24
74,23
73,22
72,22
71,22
70,22
69,22
68,22
67,22
66,22
65,22
64,22
63,22
62,22
61,22
60,22
59,22
58,22
57,22
56,22
55,22
54,22
53,22
52,22
51,22
50,22
49,22
48,22
47,22
46,22
45,21
44,21
43,20
42,20
41,19
40,19
