213,113
212,114
211,115
210,116
209,117
208,118
207,119
206,120
205,121
204,122
203,123
202,124
201,125
200,126
199,127
198,127
197,127
196,127
195,127
194,127
193,127
192,127
191,127
190,127
189,127
188,127
187,127
186,127
185,128
184,129
183,130
182,131
181,132
180,133
179,134
178,135
177,136
176,137
175,138
174,139
173,140
172,141
171,142
170,143
169,144
168,145
167,146
166,146
165,146
164,147
163,147
162,148
161,148
160,149
159,150
158,151
157,152
156,153
155,154
154,155
153,156
152,157
151,158
150,159
149,160
148,161
147,162
146,163
145,164
144,165
143,166
142,167
141,168
140,169
139,170
138,171
137,172
136,173
135,174
134,175
133,176
132,177
131,178
130,179
129,180
128,181
127,182
126,183
125,183
124,184
