41,127
42,128
43,128
44,128
45,128
46,128
47,128
48,128
49,128
50,128
51,128
52,128
53,128
54,128
55,128
56,128
57,128
58,128
59,128
60,128
61,128
62,128
63,128
64,128
65,128
66,128
67,128
68,128
69,128
70,128
71,128
72,128
73,128
74,128
75,128
76,128
77,128
78,128
79,128
80,128
81,128
82,128
83,128
84,128
85,128
86,128
87,128
88,128
89,128
90,128
91,128
92,128
93,128
94,128
95,128
96,128
97,128
98,128
99,128
100,128
101,128
102,128
103,128
104,129
105,130
106,131
107,132
108,133
109,133
110,133
111,133
112,133
113,134
114,134
115,134
116,135
117,136
118,136
119,137
120,138
121,139
122,140
123,141
124,142
125,143
126,144
127,145
128,146
129,147
130,148
131,149
132,150
133,151
134,152
135,153
136,154
137,155
138,156
139,157
140,158
141,159
142,160
143,161
144,162
145,163
146,164
147,165
148,166
149,167
150,168
151,169
152,170
153,171
154,172
155,173
156,174
157,175
158,176
159,177
160,178
161,179
162,180
163,181
164,182
164,183
165,184
