166,101
165,102
165,103
165,104
165,105
165,106
165,107
165,108
165,109
165,110
165,111
165,112
165,113
165,114
165,115
165,116
165,117
165,118
165,119
165,120
165,121
165,122
165,123
165,124
165,125
165,126
165,127
165,128
165,129
165,130
165,131
165,132
165,133
164,134
163,135
162,136
161,137
160,138
159,139
158,140
157,141
156,142
155,143
154,144
153,145
152,146
151,147
150,148
149,149
148,150
147,151
146,152
145,153
144,154
144,155
144,156
144,157
143,158
143,159
142,160
142,161
141,162
140,163
139,164
138,165
137,166
136,167
135,168
134,169
133,170
132,171
131,172
130,173
129,174
128,175
127,176
126,177
125,178
124,179
123,180
122,181
121,182
120,183
119,184
118,185
117,186
116,187
115,188
114,189
113,190
112,191
111,192
110,193
109,194
108,195
107,196
106,197
105,198
104,199
103,200
102,201
101,202
100,203
99,204
98,205
97,206
97,207
96,208
96,209
96,210
95,211
95,212
94,213
94,214
93,215
93,216
92,217
92,218
91,219
91,220
