11,105
12,106
13,106
14,107
15,108
16,108
17,108
18,108
19,108
20,108
21,108
22,108
23,108
24,108
25,108
26,108
27,108
28,108
29,108
30,108
31,108
32,108
33,108
34,108
35,108
36,108
37,108
38,108
39,108
40,108
41,108
42,109
43,110
44,111
45,112
46,113
47,114
48,115
49,116
50,117
51,118
52,119
53,120
54,121
55,122
56,123
57,124
58,125
59,126
60,127
61,128
62,129
63,130
64,131
65,131
66,132
67,133
68,134
69,135
70,136
71,137
72,138
73,139
74,140
75,141
76,142
77,143
78,144
79,145
80,146
81,147
82,148
83,148
84,148
85,149
86,149
87,150
88,150
89,151
90,151
91,151
92,152
93,152
94,152
95,152
96,152
97,152
98,153
99,153
100,154
101,154
102,155
103,156
104,157
105,158
106,158
107,159
108,159
109,160
110,160
111,161
112,162
113,163
114,164
115,164
116,164
117,164
118,164
119,164
120,165
121,165
122,165
123,165
124,165
125,165
126,165
127,165
128,165
129,165
130,165
131,165
132,165
133,165
134,165
135,165
136,165
137,165
138,165
139,165
140,166
141,167
142,168
143,169
144,170
145,171
146,172
147,173
148,174
149,175
150,176
151,177
152,178
153,179
154,180
155,181
156,181
157,182
158,182
159,183
160,183
161,184
162,184
163,184
164,185
165,185
166,186
167,186
168,187
169,187
170,188
171,188
172,189
173,189
174,189
175,190
176,190
177,191
178,191
179,192
180,192
181,193
182,193
183,194
184,194
185,194
186,195
187,195
188,196
189,196
190,197
191,197
192,198
193,198
194,199
195,199
196,199
197,200
198,200
199,201
200,201
201,202
202,202
203,203
204,203
205,204
206,204
207,204
208,205
209,205
210,206
211,206
212,207
213,207
214,208
215,208
216,208
217,209
