53,112
54,113
55,114
56,115
57,116
58,117
59,118
60,119
61,120
62,121
63,122
64,123
65,124
66,125
67,126
68,127
69,128
70,128
71,128
72,128
73,128
74,128
75,129
76,130
76,131
76,132
77,133
78,134
79,135
80,136
81,137
82,138
83,139
84,140
84,141
84,142
84,143
84,144
84,145
84,146
84,147
84,148
84,149
84,150
84,151
84,152
84,153
84,154
84,155
84,156
84,157
84,158
84,159
84,160
84,161
84,162
84,163
84,164
85,165
85,166
85,167
85,168
85,169
85,170
86,171
86,172
86,173
87,174
87,175
88,176
89,177
90,178
90,179
91,180
92,180
93,181
94,182
95,183
96,183
97,184
98,184
99,184
100,185
101,185
102,185
103,185
104,185
105,185
106,186
107,186
108,186
109,186
110,186
111,186
112,186
113,186
114,186
115,185
116,185
117,185
118,185
119,185
120,185
121,184
122,184
123,184
124,183
125,183
126,182
127,181
128,180
129,180
130,179
131,178
132,177
133,176
134,175
135,175
136,174
137,174
138,173
139,173
140,172
141,172
142,171
143,171
