161,126
160,127
159,128
158,129
157,130
156,131
155,132
154,133
153,134
152,135
151,136
150,137
149,138
148,139
147,140
146,141
145,142
144,143
143,144
142,145
141,146
140,147
139,148
138,149
137,150
136,151
135,152
134,153
133,154
132,155
131,156
130,157
129,158
128,159
127,160
126,161
125,162
124,163
123,164
122,165
121,166
120,167
119,168
118,169
117,170
116,171
116,172
115,173
114,174
113,175
112,176
111,177
110,178
109,179
108,180
108,181
107,182
107,183
107,184
106,185
106,186
105,187
105,188
104,189
104,190
103,191
103,192
102,193
102,194
102,195
101,196
101,197
100,198
100,199
99,200
99,201
98,202
98,203
97,204
97,205
