208,123
207,123
206,123
205,123
204,123
203,123
202,123
201,123
200,123
199,123
198,123
197,123
196,123
195,123
194,123
193,123
192,123
191,123
190,123
189,123
188,123
187,123
186,123
185,123
184,123
183,123
182,123
181,123
180,123
179,123
178,123
177,123
176,123
175,123
174,123
173,123
172,123
171,123
170,123
169,123
168,123
167,123
166,124
165,125
164,126
163,127
162,128
161,129
160,130
159,131
158,132
157,133
156,134
155,135
154,136
153,137
152,138
151,139
150,140
149,141
148,142
147,142
146,143
145,143
144,144
143,144
142,145
141,145
140,145
139,145
138,145
137,145
136,146
135,146
134,146
133,146
132,146
131,146
130,146
129,147
128,148
127,149
126,150
125,151
124,152
123,153
122,154
121,155
120,156
119,157
118,158
117,159
116,160
115,161
114,162
113,163
112,164
111,165
110,166
109,167
108,168
107,169
106,170
105,171
104,172
103,173
102,174
101,174
100,174
99,174
98,174
97,174
96,174
95,174
94,174
93,174
92,174
91,174
90,174
89,174
88,174
87,174
86,174
85,174
84,174
83,174
82,174
81,174
80,174
79,174
78,174
77,174
76,174
75,174
74,174
73,174
72,174
71,174
70,174
69,174
68,174
67,174
66,174
65,174
64,174
63,174
62,174
61,174
60,174
59,174
58,174
57,174
56,174
55,174
54,174
53,174
52,174
51,174
50,174
49,174
48,174
47,174
46,174
45,175
44,175
43,176
42,176
41,176
40,176
39,176
38,176
37,176
36,176
35,176
34,176
33,176
32,176
31,176
30,176
29,176
28,176
27,176
26,176
25,176
24,176
23,176
22,176
22,177
22,178
22,179
21,180
21,181
20,182
20,183
19,184
19,185
18,186
18,187
