201,205
200,204
199,203
198,202
197,201
196,200
195,199
194,198
193,197
192,196
191,195
190,195
189,195
188,195
187,195
186,195
185,195
184,195
183,195
182,195
181,195
180,195
179,195
178,195
177,195
176,195
175,195
174,195
173,195
172,194
171,193
170,192
169,191
168,190
167,189
166,188
165,187
164,186
163,185
162,184
161,183
160,182
159,181
158,180
157,179
156,178
155,177
154,176
153,175
152,174
151,173
150,173
149,173
148,173
147,173
146,173
145,173
144,173
143,173
142,173
141,173
140,173
139,173
138,173
137,173
136,173
135,173
134,173
133,173
132,173
131,173
130,173
129,173
128,173
127,173
126,173
125,173
124,173
123,173
122,173
121,173
120,173
119,173
118,173
117,173
116,173
115,173
114,173
113,173
112,173
111,173
110,173
109,173
108,173
107,173
106,173
105,173
104,173
103,173
102,173
101,173
100,173
99,173
98,173
97,173
96,173
95,173
94,173
93,173
92,173
91,173
90,173
89,173
88,173
87,173
86,173
85,173
84,173
83,173
82,173
81,173
80,173
79,173
78,173
77,173
76,173
75,173
74,173
73,173
72,173
71,173
70,173
69,173
68,173
67,173
66,173
65,173
64,173
63,173
62,173
61,173
60,173
59,173
58,173
58,172
58,171
58,170
57,169
56,168
55,167
54,166
53,165
52,164
51,163
50,162
49,161
48,160
47,159
46,158
45,157
44,156
43,155
43,154
42,153
42,152
41,151
41,150
41,149
41,148
41,147
40,146
40,145
40,144
40,143
40,142
40,141
40,140
40,139
40,138
40,137
40,136
40,135
40,134
40,133
40,132
40,131
40,130
40,129
40,128
40,127
40,126
40,125
40,124
40,123
40,122
40,121
40,120
40,119
40,118
40,117
39,116
39,115
38,114
38,113
37,112
37,111
36,110
36,109
36,108
35,107
35,106
34,105
34,104
33,103
33,102
32,101
32,100
31,99
31,98
31,97
30,96
30,95
29,94
29,93
28,92
28,91
27,90
27,89
27,88
27,87
27,86
27,85
26,84
25,83
24,82
23,81
23,80
22,79
22,78
21,77
21,76
21,75
20,74
20,73
19,72
19,71
18,70
18,69
17,68
17,67
16,66
16,65
16,64
15,63
15,62
14,61
14,60
13,59
13,58
12,57
12,56
11,55
11,54
11,53
10,52
10,51
9,50
9,49
8,48
8,47
7,46
7,45
6,44
6,43
