91,107
92,108
93,108
94,109
95,110
96,111
97,111
98,111
99,111
100,111
101,111
102,111
103,111
104,112
105,113
105,114
105,115
105,116
105,117
105,118
105,119
105,120
105,121
105,122
105,123
105,124
105,125
105,126
105,127
105,128
105,129
106,130
107,131
108,132
108,133
108,134
108,135
108,136
108,137
108,138
108,139
108,140
108,141
108,142
108,143
109,144
109,145
109,146
109,147
109,148
110,149
110,150
110,151
111,152
112,153
112,154
113,155
114,156
115,157
116,158
117,159
118,160
119,161
120,162
121,163
122,164
123,165
124,166
125,167
126,168
127,169
128,170
129,171
130,172
131,173
132,174
133,175
134,176
135,177
136,178
137,179
138,180
139,181
140,182
141,183
142,183
143,184
144,184
145,185
146,185
147,186
148,186
149,186
150,187
151,187
152,188
153,188
154,189
155,189
156,190
157,190
158,191
159,192
160,193
161,194
162,195
163,196
164,196
165,196
166,196
167,196
168,196
169,196
170,196
