28,113
29,113
30,113
31,113
32,113
33,113
34,113
35,113
36,113
37,113
38,113
39,113
40,113
41,113
42,113
43,113
44,113
45,113
46,113
47,113
48,113
49,113
50,113
51,113
52,113
53,113
54,113
55,113
56,113
57,113
58,113
59,113
60,113
61,113
62,113
63,113
64,113
65,113
66,113
67,113
68,113
69,113
70,113
71,113
72,113
73,113
74,113
75,114
76,114
77,115
78,115
79,116
80,116
81,116
82,117
83,117
84,118
85,118
86,119
87,119
88,120
89,120
90,121
91,121
92,121
93,122
94,122
95,123
96,123
97,124
98,124
99,125
100,125
101,126
102,126
103,126
104,127
105,127
106,128
107,128
108,129
109,129
110,130
111,130
112,131
113,131
114,131
115,132
116,132
117,133
118,133
119,134
120,134
121,135
122,135
123,136
124,136
125,136
126,137
127,137
128,138
129,138
130,139
131,139
132,140
133,140
134,141
135,142
136,143
137,144
138,145
139,146
140,147
141,148
142,148
143,148
144,148
145,148
146,148
147,148
148,148
149,148
150,148
151,148
152,148
153,148
154,148
155,148
156,148
157,148
158,148
159,148
160,148
161,148
162,148
163,148
164,148
165,148
166,148
167,148
168,148
169,148
170,148
171,148
172,148
173,148
174,148
175,148
176,148
177,148
178,148
179,148
180,148
181,148
182,148
183,148
184,149
185,149
186,149
187,149
188,149
189,150
190,150
191,150
192,151
193,152
194,152
195,153
196,154
197,155
198,156
199,157
200,158
201,159
202,160
203,161
204,162
205,163
206,164
207,165
208,166
209,167
210,168
210,169
211,170
211,171
212,172
212,173
213,174
213,175
213,176
214,177
