211,8
211,9
211,10
211,11
211,12
211,13
211,14
211,15
211,16
211,17
211,18
211,19
211,20
211,21
211,22
211,23
211,24
211,25
211,26
211,27
211,28
211,29
211,30
211,31
211,32
211,33
211,34
211,35
211,36
211,37
211,38
211,39
211,40
211,41
211,42
211,43
211,44
211,45
211,46
210,47
210,48
209,49
209,50
209,51
208,52
208,53
207,54
207,55
207,56
207,57
207,58
207,59
207,60
207,61
207,62
207,63
207,64
207,65
207,66
207,67
207,68
207,69
207,70
207,71
207,72
207,73
207,74
207,75
206,76
205,77
204,78
203,79
202,80
201,81
200,82
199,83
198,84
197,85
196,86
195,87
194,88
193,89
192,90
191,91
190,92
189,93
189,94
189,95
188,96
188,97
187,98
187,99
186,100
186,101
185,102
185,103
184,104
184,105
184,106
183,107
183,108
183,109
183,110
183,111
183,112
183,113
183,114
183,115
183,116
183,117
183,118
183,119
183,120
183,121
183,122
183,123
183,124
183,125
183,126
183,127
183,128
183,129
183,130
183,131
183,132
183,133
183,134
183,135
183,136
183,137
183,138
183,139
183,140
183,141
182,142
182,143
182,144
182,145
182,146
182,147
181,148
181,149
181,150
180,151
180,152
179,153
178,154
177,155
177,156
176,157
175,158
174,159
173,160
172,161
171,162
170,163
169,164
168,165
167,166
166,167
165,168
164,169
163,170
162,171
161,172
160,173
159,174
158,175
157,176
156,177
155,178
154,179
153,180
152,181
151,182
150,183
149,184
148,185
147,186
147,187
146,188
146,189
145,190
145,191
144,192
144,193
143,194
143,195
