174,215
174,214
174,213
174,212
174,211
174,210
174,209
174,208
175,207
175,206
175,205
175,204
175,203
175,202
175,201
175,200
175,199
175,198
175,197
175,196
175,195
175,194
175,193
175,192
175,191
175,190
175,189
175,188
175,187
175,186
175,185
175,184
175,183
174,182
173,181
172,180
171,179
170,178
169,177
168,176
167,175
166,174
165,173
164,172
163,171
162,170
161,169
160,168
159,167
158,166
157,165
156,164
155,163
154,162
153,161
152,160
152,159
151,158
151,157
150,156
150,155
149,154
149,153
148,152
148,151
147,150
147,149
147,148
146,147
145,146
144,145
143,144
142,143
141,142
140,141
139,140
138,139
137,138
136,137
135,136
134,135
133,134
132,133
131,132
130,131
129,130
128,129
127,128
126,127
125,126
124,125
123,124
122,123
121,122
120,121
119,120
118,119
117,118
116,117
115,116
114,115
113,114
113,113
113,112
113,111
113,110
113,109
113,108
113,107
113,106
113,105
113,104
113,103
113,102
113,101
113,100
113,99
113,98
113,97
113,96
113,95
113,94
113,93
113,92
113,91
113,90
113,89
113,88
113,87
113,86
113,85
113,84
113,83
113,82
113,81
113,80
113,79
113,78
113,77
113,76
113,75
113,74
112,73
112,72
