91,32
92,33
93,34
94,35
95,36
96,37
97,38
98,39
99,40
100,41
101,42
102,43
103,44
104,45
105,46
106,47
107,48
108,49
109,50
110,51
111,52
112,53
113,54
114,55
115,56
116,57
117,58
118,59
119,60
120,61
121,62
122,63
123,64
124,65
125,66
126,67
127,68
128,69
129,70
130,71
131,72
132,73
133,74
134,75
135,76
136,77
137,78
138,79
139,80
140,81
141,82
142,83
143,84
144,85
145,86
146,87
147,88
148,89
149,90
150,91
151,92
152,93
153,94
154,95
155,96
156,97
157,98
158,99
159,100
160,101
161,102
162,103
163,104
164,105
165,106
166,107
167,108
168,109
169,110
170,111
171,112
172,113
173,114
174,115
175,116
176,117
177,118
178,119
179,120
180,121
181,122
182,123
182,124
183,125
183,126
184,127
184,128
185,129
185,130
186,131
186,132
187,133
187,134
187,135
188,136
188,137
189,138
189,139
190,140
190,141
191,142
191,143
192,144
192,145
192,146
193,147
193,148
194,149
194,150
195,151
195,152
196,153
196,154
197,155
197,156
197,157
198,158
198,159
199,160
199,161
200,162
200,163
201,164
201,165
202,166
202,167
202,168
203,169
203,170
204,171
204,172
205,173
205,174
206,175
206,176
206,177
207,178
