155,6
155,7
155,8
155,9
155,10
155,11
155,12
156,13
157,14
157,15
157,16
157,17
157,18
157,19
157,20
157,21
158,22
158,23
158,24
158,25
159,26
160,27
160,28
161,29
161,30
162,31
162,32
163,33
163,34
163,35
163,36
163,37
163,38
164,39
164,40
165,41
166,42
167,43
168,44
169,45
170,46
171,47
172,48
173,49
174,50
175,51
176,52
177,53
177,54
177,55
177,56
177,57
177,58
177,59
177,60
177,61
177,62
177,63
177,64
177,65
177,66
177,67
177,68
177,69
177,70
177,71
177,72
177,73
177,74
177,75
177,76
177,77
176,77
175,77
174,77
173,77
172,77
171,77
170,77
169,77
168,77
167,77
166,77
165,77
164,77
163,77
162,77
161,77
160,77
159,77
158,78
157,79
156,80
155,81
154,82
153,83
152,84
151,85
150,86
149,87
148,88
147,89
146,90
145,91
144,92
143,93
142,94
141,95
140,96
139,97
138,98
137,99
136,99
135,99
134,99
133,99
132,99
131,99
130,99
129,99
128,99
127,99
126,99
125,99
124,99
123,99
122,99
121,99
120,99
119,99
118,99
117,99
116,99
115,99
114,99
113,99
112,99
111,99
110,99
109,99
108,99
107,99
106,99
105,99
104,99
103,99
102,99
101,99
100,99
99,99
98,99
97,99
96,99
95,99
94,99
93,99
92,99
91,99
90,99
89,99
88,99
87,99
86,99
85,99
84,99
83,99
82,99
81,99
80,99
79,99
78,99
77,99
76,99
75,99
74,99
73,99
72,99
71,99
70,99
69,99
68,99
67,99
66,99
65,99
64,99
63,99
62,99
61,99
60,99
59,99
