182,9
181,10
180,11
179,12
178,13
177,14
176,15
175,16
174,17
173,18
172,19
171,20
170,21
169,22
168,23
167,24
166,25
165,26
164,27
163,28
163,29
163,30
163,31
163,32
162,33
161,34
160,35
159,36
158,37
157,38
156,39
155,40
154,41
153,42
152,43
151,44
151,45
151,46
151,47
151,48
151,49
151,50
151,51
151,52
151,53
151,54
151,55
150,56
149,57
148,58
148,59
147,60
146,61
145,62
144,63
143,64
142,65
141,66
140,67
139,68
138,69
137,70
136,71
135,72
134,73
133,74
132,75
131,76
130,77
129,78
128,79
127,80
126,81
125,82
124,83
124,84
124,85
124,86
124,87
124,88
124,89
124,90
124,91
124,92
124,93
124,94
124,95
124,96
124,97
124,98
124,99
124,100
124,101
124,102
124,103
123,104
122,105
121,106
120,107
119,108
118,109
117,110
116,111
115,112
114,113
113,114
112,115
111,116
110,117
109,118
108,119
107,120
106,121
105,122
104,123
103,124
102,125
101,126
100,127
99,128
98,129
97,130
96,131
96,132
95,133
95,134
94,135
94,136
93,137
93,138
93,139
92,140
92,141
91,142
91,143
90,144
90,145
89,146
89,147
88,148
88,149
