176,169
175,168
174,167
173,166
172,165
171,164
170,163
169,162
168,161
167,160
166,159
165,159
164,159
163,159
162,159
161,159
160,159
159,159
158,159
157,159
156,159
155,159
154,159
153,159
152,159
151,159
150,159
149,159
148,159
147,158
146,157
145,156
144,155
143,154
142,153
141,152
140,151
139,150
138,149
137,148
136,147
135,146
134,145
133,144
132,143
131,142
130,141
129,140
128,139
127,138
126,137
125,136
124,135
123,134
122,133
121,132
120,131
119,130
118,129
117,128
116,127
115,126
114,125
113,125
113,124
113,123
113,122
113,121
113,120
113,119
113,118
113,117
113,116
113,115
113,114
112,113
112,112
112,111
111,110
111,109
110,108
110,107
109,106
109,105
108,104
108,103
107,102
107,101
