123,98
124,99
125,100
126,101
127,102
128,103
129,104
130,105
131,106
132,107
133,108
134,109
135,110
136,111
137,112
138,112
139,113
140,113
141,114
142,115
143,116
144,117
145,118
146,119
146,120
147,121
147,122
148,123
148,124
148,125
148,126
148,127
148,128
149,129
149,130
149,131
149,132
150,133
151,134
152,135
153,136
154,137
155,138
155,139
155,140
155,141
155,142
155,143
155,144
155,145
155,146
155,147
155,148
155,149
155,150
155,151
155,152
155,153
155,154
155,155
155,156
155,157
155,158
155,159
155,160
155,161
155,162
155,163
155,164
155,165
155,166
155,167
155,168
156,169
156,170
156,171
157,172
157,173
158,174
158,175
159,176
159,177
160,178
160,179
161,180
161,181
161,182
162,183
162,184
163,185
163,186
164,187
164,188
165,189
165,190
166,191
166,192
166,193
167,194
167,195
168,196
169,197
170,198
171,199
172,200
173,201
174,202
175,203
176,204
176,205
176,206
176,207
176,208
176,209
176,210
176,211
176,212
176,213
176,214
