83,94
84,95
85,96
86,97
87,98
88,99
89,100
90,101
90,102
90,103
90,104
90,105
90,106
90,107
90,108
90,109
90,110
90,111
90,112
90,113
90,114
90,115
90,116
90,117
90,118
90,119
90,120
90,121
90,122
91,123
92,124
93,125
94,126
95,127
96,128
97,129
98,130
99,131
100,132
101,133
102,134
103,135
104,136
105,137
106,138
107,139
108,140
109,141
110,142
111,143
112,144
112,145
112,146
113,147
114,148
115,149
116,150
117,151
118,152
119,153
120,154
121,155
122,156
123,157
124,158
124,159
124,160
124,161
124,162
124,163
124,164
124,165
124,166
124,167
124,168
124,169
124,170
124,171
124,172
124,173
124,174
124,175
124,176
124,177
124,178
124,179
124,180
124,181
124,182
124,183
124,184
124,185
124,186
124,187
124,188
124,189
124,190
124,191
124,192
124,193
124,194
124,195
124,196
125,196
126,196
127,196
128,196
129,197
130,198
131,199
132,199
133,199
134,199
135,199
136,199
137,199
138,199
139,199
140,199
141,199
142,199
143,199
144,199
145,199
146,199
147,199
148,199
149,199
150,199
151,199
152,199
153,199
