88,125
89,126
90,127
91,128
92,129
93,130
94,131
95,132
96,133
97,134
98,135
99,136
100,137
101,138
102,139
103,140
104,141
105,142
105,143
105,144
105,145
105,146
105,147
105,148
105,149
105,150
105,151
105,152
105,153
105,154
105,155
105,156
105,157
105,158
105,159
105,160
105,161
105,162
105,163
105,164
105,165
105,166
105,167
105,168
105,169
105,170
106,171
107,172
108,173
109,174
110,175
111,176
112,177
113,178
114,179
115,180
116,181
117,182
118,183
119,184
120,185
121,186
122,187
123,188
124,189
125,190
126,191
127,192
128,193
129,194
130,195
131,196
132,197
133,198
134,199
135,200
136,201
137,202
138,203
139,204
140,205
140,206
141,207
142,208
143,209
144,210
145,211
146,212
147,212
148,213
149,213
150,214
151,214
152,215
153,215
154,216
155,216
156,216
157,217
