167,151
166,152
165,153
164,154
163,155
162,156
161,157
160,158
159,159
158,160
157,161
156,161
155,161
154,161
153,161
152,161
151,161
150,161
149,161
148,161
147,161
146,161
145,161
144,161
143,161
142,161
141,161
140,161
139,161
138,162
137,163
136,164
135,165
134,166
133,167
132,168
131,169
130,170
129,171
128,172
127,173
126,174
125,175
124,176
123,177
122,178
121,179
120,180
119,181
118,182
117,183
116,184
115,185
114,186
113,187
112,188
111,189
110,190
109,191
108,192
107,193
106,194
105,195
104,196
103,197
102,198
101,199
100,200
99,201
98,202
97,202
96,203
95,203
94,203
93,204
