118,178
119,177
120,177
121,177
122,177
123,177
124,177
125,177
126,177
127,177
128,177
129,177
130,177
131,177
132,177
133,177
134,177
135,177
136,177
137,177
138,177
139,177
140,177
141,177
142,177
143,177
144,177
145,177
146,177
147,177
148,177
149,177
150,177
151,176
152,175
153,174
154,173
155,172
156,171
157,170
158,169
159,169
160,169
161,168
162,167
163,166
164,165
165,164
166,163
167,162
168,161
169,160
170,159
171,158
172,157
173,156
174,155
175,154
176,153
177,152
178,151
179,150
180,149
181,148
182,147
183,146
184,145
185,144
185,143
185,142
185,141
185,140
185,139
185,138
185,137
185,136
185,135
185,134
185,133
185,132
185,131
185,130
185,129
185,128
185,127
185,126
185,125
185,124
185,123
185,122
186,122
187,122
188,122
189,122
190,122
191,122
192,122
193,122
194,122
195,122
196,122
197,122
198,122
199,122
200,122
201,122
202,122
203,122
204,122
205,122
206,122
207,122
208,122
209,121
210,121
211,121
212,121
213,121
214,121
215,121
216,121
217,121
218,121
219,121
