34,155
35,156
36,157
37,158
38,159
39,160
40,161
41,162
42,163
43,164
44,165
45,166
46,167
47,168
48,169
49,170
50,171
51,172
52,173
53,173
54,173
55,173
56,173
57,173
58,173
59,173
60,174
61,175
62,176
63,177
64,178
65,179
66,180
67,181
68,182
69,183
70,184
71,185
72,186
73,187
74,188
75,189
76,190
77,191
78,192
79,193
80,194
81,195
82,196
83,197
84,198
85,199
86,200
87,201
88,202
89,203
90,204
91,205
92,206
93,207
94,208
95,209
96,210
97,211
98,212
99,213
100,214
101,215
102,216
103,216
104,217
105,217
106,218
107,218
108,219
109,219
110,219
111,220
