132,107
133,108
134,109
135,110
136,111
137,112
138,113
139,114
140,115
141,116
142,117
143,118
144,119
145,120
146,121
147,122
148,123
149,124
150,125
151,126
151,127
151,128
151,129
151,130
152,131
153,132
154,133
155,134
156,135
157,136
158,137
159,138
160,139
161,140
162,141
163,142
164,143
165,144
166,145
167,146
168,147
169,148
170,149
171,150
172,151
173,152
174,153
174,154
175,155
176,156
177,157
178,158
179,159
180,160
181,161
182,162
183,163
184,164
185,165
186,166
187,167
188,168
189,169
190,170
191,171
192,172
193,173
194,174
195,175
196,176
196,177
197,178
197,179
198,180
198,181
199,182
199,183
200,184
200,185
200,186
201,187
