14,129
15,129
16,129
17,129
18,129
19,129
20,129
21,129
22,129
23,129
24,130
25,130
26,130
27,130
28,130
29,130
30,130
31,130
32,130
33,130
34,130
35,130
36,130
37,130
38,130
39,130
40,130
41,130
42,130
43,130
44,130
45,130
46,130
47,131
48,132
49,133
50,134
51,135
52,136
53,137
54,138
55,138
56,138
57,138
58,138
59,138
60,138
61,138
62,138
63,138
64,138
65,138
66,138
67,138
68,138
69,138
70,138
71,138
72,138
73,138
74,138
75,138
76,138
77,138
78,138
79,138
80,138
81,138
82,138
83,138
84,138
85,138
86,138
87,138
88,138
89,138
90,138
91,138
92,138
93,138
94,138
95,138
96,138
97,139
98,139
99,139
100,139
101,139
102,139
103,140
104,140
105,140
106,140
107,140
108,140
109,140
110,140
111,140
112,140
113,140
114,140
115,140
116,140
117,140
118,140
119,140
120,140
121,140
122,140
123,140
124,140
125,140
126,140
127,140
128,140
129,140
130,140
131,140
132,140
133,140
134,140
135,140
136,140
137,140
138,140
139,140
140,140
141,140
142,140
143,140
144,140
145,140
146,140
147,140
148,140
149,140
150,140
151,140
152,140
153,140
154,140
155,140
156,140
157,140
158,140
159,140
160,140
161,140
162,140
163,140
164,140
165,140
166,140
167,140
168,140
169,140
170,140
171,140
172,140
173,140
174,140
175,140
176,140
177,140
178,141
179,141
180,141
181,141
182,141
183,141
184,142
185,142
186,142
187,143
188,143
189,144
190,144
191,145
192,146
193,147
194,148
195,149
196,150
197,151
197,152
198,153
198,154
199,155
199,156
199,157
200,158
200,159
200,160
200,161
200,162
200,163
201,164
201,165
201,166
201,167
201,168
201,169
201,170
201,171
201,172
201,173
201,174
201,175
201,176
201,177
201,178
201,179
201,180
201,181
201,182
201,183
201,184
201,185
201,186
201,187
201,188
201,189
201,190
201,191
201,192
201,193
201,194
201,195
201,196
201,197
201,198
200,199
200,200
199,201
199,202
198,203
198,204
197,205
197,206
196,207
196,208
