34,118
35,119
36,119
37,120
38,121
39,121
40,121
41,121
42,121
43,121
44,121
45,121
46,121
47,121
48,121
49,121
50,121
51,121
52,121
53,121
54,121
55,121
56,121
57,121
58,121
59,121
60,121
61,121
62,121
63,121
64,121
65,122
66,123
67,124
68,125
69,126
70,127
71,128
72,129
73,130
74,131
75,132
76,133
77,134
78,135
79,136
80,137
81,138
82,139
83,140
84,141
85,142
86,143
87,144
88,144
89,145
90,146
91,147
92,148
93,149
94,150
95,151
96,152
97,153
98,154
99,155
100,156
101,157
102,158
103,159
104,159
105,160
106,160
107,161
108,161
109,162
110,162
111,163
112,163
113,163
114,164
115,164
116,165
117,165
118,166
119,166
120,167
121,167
122,168
123,168
124,168
125,169
126,169
127,170
128,170
129,171
130,171
131,172
132,172
133,173
134,174
135,175
136,176
137,177
138,177
139,177
140,177
141,177
142,177
143,177
144,177
145,178
