8,202
9,203
10,204
11,205
12,206
13,207
14,208
15,209
16,210
17,211
18,212
19,213
20,214
21,215
21,216
21,217
22,217
23,217
24,217
25,217
26,217
27,217
28,217
29,217
30,217
31,217
32,217
33,217
34,217
35,217
36,217
37,217
38,217
39,217
40,217
41,217
42,217
43,217
44,217
45,217
46,217
47,217
48,217
49,217
50,217
51,217
52,217
53,216
54,216
55,216
56,215
57,215
58,214
59,214
60,213
61,213
62,212
63,211
64,210
65,209
66,208
67,207
68,206
69,205
70,204
71,203
72,202
73,201
74,200
75,199
76,198
77,197
78,196
79,195
80,194
81,193
82,192
83,191
84,190
85,189
85,188
86,187
86,186
87,185
88,184
89,183
90,182
91,181
92,180
93,179
94,178
95,177
96,176
97,175
98,174
99,173
100,172
101,171
102,170
103,169
104,168
105,167
106,166
106,165
106,164
106,163
106,162
106,161
107,160
108,159
109,158
110,157
111,156
112,155
113,154
114,153
115,152
116,151
117,150
118,149
119,148
120,147
121,146
122,145
123,144
124,143
125,142
126,141
127,140
128,139
129,138
130,137
131,136
132,135
133,134
134,133
135,132
136,131
137,130
138,129
139,128
140,127
141,126
142,125
143,124
144,123
145,122
146,121
147,120
148,119
148,118
149,117
149,116
150,115
150,114
150,113
151,112
151,111
151,110
151,109
151,108
151,107
152,106
152,105
152,104
152,103
152,102
152,101
152,100
152,99
152,98
152,97
152,96
152,95
152,94
152,93
152,92
152,91
152,90
152,89
152,88
152,87
152,86
152,85
152,84
152,83
152,82
152,81
152,80
152,79
152,78
152,77
152,76
152,75
152,74
152,73
152,72
152,71
152,70
152,69
152,68
152,67
152,66
152,65
152,64
152,63
152,62
152,61
152,60
152,59
152,58
152,57
152,56
152,55
152,54
152,53
152,52
152,51
152,50
152,49
152,48
152,47
152,46
152,45
152,44
152,43
152,42
152,41
152,40
153,39
153,38
154,37
154,36
155,35
155,34
156,33
156,32
156,31
157,30
