172,115
171,115
170,115
169,115
168,115
167,115
166,115
165,115
164,115
163,115
162,115
161,115
160,115
159,115
158,115
157,115
156,115
155,115
154,115
153,115
152,115
151,115
150,115
149,115
148,115
147,115
146,115
145,115
144,115
143,115
142,115
141,115
140,115
139,115
138,115
137,115
136,115
135,115
134,115
133,115
132,115
131,115
130,115
129,115
128,115
127,115
126,115
125,115
124,115
123,115
122,115
121,115
120,115
119,115
118,115
117,115
116,115
115,115
114,115
113,115
112,115
111,115
110,115
109,115
108,115
107,115
106,115
105,115
104,115
103,115
102,115
101,115
100,115
99,115
98,115
97,115
96,115
95,115
94,115
93,115
92,115
91,115
90,115
89,115
88,115
87,115
86,115
85,115
84,115
83,115
82,115
81,115
80,115
79,115
78,115
77,115
76,115
75,115
74,115
73,115
72,115
71,115
70,115
69,115
68,116
67,117
66,118
65,119
64,120
63,121
62,122
61,123
60,124
59,125
58,126
57,127
56,128
55,129
54,130
53,131
52,132
51,133
50,133
49,133
48,133
47,133
46,133
45,133
44,133
43,133
42,133
41,133
40,133
39,133
38,133
37,133
36,133
35,133
34,133
33,133
32,133
31,133
30,133
29,133
28,133
27,132
26,132
25,132
24,132
23,132
22,132
21,131
20,131
19,131
18,130
17,130
16,129
15,128
14,127
13,127
12,126
12,125
11,124
10,123
9,122
9,121
8,120
8,119
8,118
7,117
7,116
7,115
7,114
7,113
7,112
6,111
6,110
6,109
6,108
6,107
6,106
6,105
6,104
6,103
6,102
6,101
6,100
6,99
6,98
6,97
6,96
6,95
6,94
6,93
6,92
6,91
6,90
6,89
6,88
6,87
6,86
6,85
6,84
6,83
6,82
6,81
6,80
6,79
6,78
6,77
6,76
6,75
7,74
7,73
8,72
8,71
9,70
9,69
10,68
10,67
10,66
11,65
11,64
12,63
12,62
13,61
13,60
14,59
14,58
15,57
15,56
15,55
16,54
16,53
17,52
17,51
18,50
18,49
19,48
19,47
19,46
20,45
