18,91
19,92
20,93
21,94
22,95
23,96
24,97
25,98
26,99
27,100
28,101
29,102
30,103
31,104
32,105
33,106
34,107
35,108
36,109
37,110
38,111
39,112
40,112
41,113
42,114
43,115
44,116
45,117
46,118
47,119
48,120
49,121
50,122
51,123
52,124
53,125
54,126
55,127
56,128
57,129
58,130
59,131
60,132
61,133
62,134
63,135
64,136
65,137
66,138
67,139
68,140
69,141
70,142
71,143
72,144
73,145
74,146
75,147
76,148
77,149
78,150
79,151
80,152
81,153
82,154
83,155
84,156
85,157
86,158
87,159
88,160
89,161
90,162
91,163
92,164
93,165
94,166
95,167
96,168
97,169
98,170
99,171
100,172
101,173
102,174
102,175
102,176
103,177
104,178
105,179
106,180
107,181
107,182
107,183
107,184
107,185
107,186
