121,13
121,14
121,15
121,16
121,17
121,18
121,19
121,20
121,21
121,22
121,23
121,24
121,25
121,26
121,27
121,28
121,29
121,30
121,31
121,32
122,33
122,34
122,35
122,36
122,37
122,38
122,39
122,40
122,41
122,42
122,43
122,44
122,45
123,46
124,47
125,48
126,49
127,50
128,51
129,52
130,53
131,54
132,55
132,56
132,57
133,58
133,59
134,60
134,61
135,62
135,63
136,64
136,65
137,66
137,67
137,68
138,69
138,70
139,71
139,72
140,73
140,74
141,75
141,76
142,77
142,78
142,79
143,80
143,81
144,82
144,83
145,84
145,85
146,86
146,87
147,88
147,89
147,90
148,91
148,92
149,93
149,94
150,95
150,96
151,97
151,98
152,99
152,100
153,101
153,102
153,103
154,104
154,105
155,106
155,107
156,108
156,109
157,110
157,111
158,112
158,113
158,114
159,115
160,116
161,117
162,118
163,119
164,120
165,121
166,122
167,123
167,124
167,125
167,126
167,127
167,128
167,129
167,130
167,131
167,132
167,133
168,134
168,135
168,136
169,137
169,138
170,139
170,140
171,141
171,142
172,143
172,144
173,145
173,146
173,147
174,148
174,149
175,150
175,151
176,152
176,153
177,154
177,155
178,156
178,157
178,158
179,159
179,160
180,161
180,162
181,163
181,164
182,165
182,166
183,167
183,168
183,169
184,170
184,171
185,172
185,173
186,174
186,175
187,176
187,177
187,178
188,179
