32,30
33,31
34,32
35,33
36,34
37,35
38,36
39,37
40,38
41,39
42,40
43,41
44,42
45,43
46,44
47,45
48,45
49,45
50,45
51,45
52,45
53,45
54,45
55,45
56,45
57,45
58,46
59,47
60,48
61,49
62,50
63,51
64,52
65,53
66,54
67,55
68,56
69,57
70,58
71,58
72,59
73,60
74,61
75,62
76,63
77,64
78,65
79,66
80,67
81,67
82,68
83,69
84,70
85,71
86,72
87,73
88,73
89,74
90,74
91,75
92,75
93,76
94,77
95,78
96,79
97,80
98,81
99,82
100,83
101,84
102,85
103,86
104,87
105,88
106,89
107,90
108,91
109,92
110,93
111,94
112,95
113,96
114,97
115,98
116,99
117,100
118,101
119,102
120,103
121,104
122,105
123,106
123,107
123,108
123,109
123,110
123,111
123,112
123,113
123,114
123,115
123,116
123,117
123,118
123,119
123,120
123,121
123,122
123,123
123,124
123,125
124,126
124,127
124,128
124,129
124,130
125,131
125,132
125,133
126,134
127,135
127,136
128,137
129,138
130,139
131,140
132,141
133,142
134,143
135,144
136,145
137,146
138,147
139,148
140,149
141,150
142,151
143,152
144,153
145,154
146,155
147,156
148,157
149,158
150,159
151,160
152,161
153,162
154,163
155,164
156,165
157,166
158,167
159,168
160,169
161,170
162,171
163,172
164,173
165,174
166,175
167,176
168,177
169,178
170,179
171,180
172,181
173,182
174,183
175,184
176,185
177,186
178,187
179,188
180,189
181,190
182,191
183,192
184,193
185,193
186,194
187,195
188,195
189,196
190,197
191,198
192,199
193,200
194,201
195,202
196,203
197,204
197,205
197,206
198,207
198,208
199,209
199,210
200,211
200,212
201,213
201,214
201,215
202,216
