61,7
62,8
63,9
64,10
65,11
66,12
67,13
68,14
69,15
70,16
71,17
72,18
73,19
74,20
75,21
76,22
77,23
78,24
79,25
80,26
81,26
82,26
83,26
84,26
85,27
86,28
87,29
88,30
89,31
90,32
91,33
92,34
93,35
94,36
95,37
96,38
97,39
98,40
99,41
100,42
101,43
102,44
103,45
104,46
105,47
106,48
107,49
108,49
109,50
110,51
111,52
112,53
113,54
114,55
115,56
116,57
117,58
118,59
119,60
120,61
121,62
122,63
123,64
124,65
125,66
126,67
127,68
128,69
129,70
130,71
131,72
132,73
133,74
134,75
135,76
136,76
137,76
138,76
139,76
140,76
141,76
142,76
143,76
144,76
145,76
146,76
147,76
148,76
149,76
150,77
151,77
152,77
153,77
154,77
155,77
156,78
157,78
158,78
159,79
160,79
161,80
162,81
163,81
164,82
165,83
166,84
167,85
168,86
169,87
170,88
171,89
172,90
173,91
174,92
175,93
176,94
177,95
178,96
179,97
180,98
181,99
182,100
183,101
184,102
185,103
186,104
187,105
188,106
189,107
190,108
191,109
192,110
193,111
194,112
195,113
196,114
197,115
198,116
199,117
200,118
201,119
202,120
203,121
204,122
205,122
206,122
207,122
208,122
209,122
210,122
211,122
212,122
213,122
214,122
215,122
215,123
215,124
215,125
215,126
215,127
215,128
215,129
215,130
215,131
215,132
215,133
215,134
215,135
215,136
215,137
215,138
215,139
215,140
215,141
215,142
215,143
215,144
215,145
215,146
215,147
215,148
215,149
215,150
215,151
215,152
215,153
215,154
215,155
215,156
215,157
215,158
