218,35
217,36
216,37
215,38
214,39
213,40
212,41
211,42
210,42
209,42
208,42
207,42
206,42
205,42
204,42
203,42
202,42
201,42
200,42
199,42
198,42
197,42
196,42
195,42
194,42
193,42
192,42
191,42
190,42
189,43
188,44
187,45
186,46
185,47
184,48
183,49
182,50
181,51
180,52
179,53
178,54
177,55
176,56
175,57
174,58
173,59
172,60
171,61
170,62
169,63
168,64
167,64
166,64
165,65
164,66
163,67
162,68
161,69
160,70
159,71
158,72
157,73
156,74
155,75
154,76
153,77
152,78
151,79
150,80
149,81
148,82
147,83
146,84
145,85
144,86
143,87
142,88
141,89
140,89
139,89
138,89
137,89
136,89
135,89
134,89
133,89
132,89
131,89
130,89
129,89
128,89
127,89
127,90
127,91
127,92
127,93
127,94
127,95
127,96
127,97
127,98
127,99
127,100
127,101
127,102
127,103
127,104
127,105
127,106
127,107
127,108
127,109
127,110
127,111
127,112
127,113
127,114
127,115
127,116
127,117
127,118
127,119
127,120
127,121
128,122
129,123
130,124
131,125
132,126
133,127
134,128
135,129
136,130
137,131
137,132
138,133
138,134
138,135
139,136
139,137
140,138
140,139
141,140
141,141
142,142
142,143
142,144
143,145
