136,9
137,10
138,11
139,12
140,13
141,14
142,15
142,16
142,17
142,18
142,19
142,20
142,21
142,22
142,23
142,24
142,25
142,26
142,27
142,28
142,29
142,30
142,31
142,32
142,33
142,34
142,35
142,36
142,37
142,38
142,39
143,40
144,41
145,42
146,43
147,44
148,45
149,46
150,47
151,48
152,49
153,50
154,51
155,52
156,53
157,54
158,55
159,56
160,57
161,58
162,59
163,60
164,61
165,62
166,63
167,64
168,65
169,66
170,67
171,68
172,69
173,70
174,71
175,72
176,73
177,74
178,75
179,76
180,77
181,78
182,79
183,80
184,81
185,82
186,83
187,84
188,85
189,85
190,86
191,86
192,86
193,87
194,87
195,88
196,88
197,89
198,89
199,90
200,90
201,90
202,91
