11,204
12,203
13,202
14,201
15,200
16,199
17,198
18,197
19,196
20,195
21,194
22,193
22,192
22,191
22,190
22,189
23,188
24,187
25,186
26,185
27,184
28,183
29,182
30,181
31,180
32,179
33,178
34,177
35,176
36,175
37,174
38,173
39,172
40,171
41,170
42,169
43,168
44,167
45,166
46,165
47,164
48,163
49,162
50,161
51,160
52,159
53,158
54,157
55,156
56,155
57,154
58,153
59,152
60,151
61,150
62,149
63,148
64,147
65,146
66,145
67,144
68,143
69,142
70,141
71,140
72,139
73,138
74,137
75,136
76,135
77,134
78,133
79,132
80,131
81,130
82,129
83,128
84,127
85,126
86,125
87,124
88,123
89,122
90,121
91,120
92,119
93,118
94,117
95,116
96,115
97,114
98,113
99,112
100,111
101,110
102,109
103,108
104,107
105,106
106,105
107,104
108,103
109,102
110,101
111,100
112,99
113,98
114,97
115,96
116,95
117,94
118,93
119,92
120,91
121,90
122,89
123,88
124,87
125,86
126,85
127,84
128,83
129,82
130,81
131,80
132,79
133,78
134,77
135,76
136,75
137,74
138,73
139,72
140,71
141,70
142,69
143,68
144,67
145,66
146,65
147,64
148,63
149,62
150,61
151,60
152,59
153,58
154,57
155,56
156,55
157,54
158,53
159,52
160,51
161,51
162,50
163,50
164,49
165,49
166,48
167,48
168,47
169,47
170,47
171,46
172,46
173,45
174,45
175,44
176,44
177,43
178,43
179,42
180,41
181,40
182,39
183,38
184,37
185,36
186,35
187,34
188,34
189,34
190,34
191,34
192,34
193,34
194,34
195,33
196,33
197,33
198,33
199,33
200,33
201,32
202,32
203,32
204,31
205,31
206,30
207,30
208,29
209,29
210,28
211,28
212,27
213,27
