179,215
178,215
177,215
176,215
175,215
174,215
173,215
172,216
171,217
170,217
169,217
168,217
167,217
166,217
165,217
164,217
163,217
162,217
161,217
160,217
159,217
158,217
157,217
156,217
155,217
154,217
153,217
152,217
151,217
150,217
149,217
148,216
147,215
146,214
145,213
144,212
143,211
142,210
141,210
140,210
139,210
138,210
137,209
136,209
135,209
134,209
133,209
132,209
131,208
130,208
129,207
128,207
127,206
126,206
125,205
124,204
123,203
122,203
121,203
120,202
119,201
118,200
117,199
116,198
115,197
114,196
113,195
112,194
111,193
110,192
109,191
108,190
107,189
106,188
105,187
104,186
103,185
102,184
101,183
100,182
99,181
98,180
97,179
96,178
95,177
94,176
93,176
92,176
91,175
90,175
89,175
88,175
87,175
86,174
85,174
84,174
83,173
82,172
81,171
80,171
79,170
78,169
77,168
76,167
75,166
74,165
73,164
72,163
71,162
71,161
70,160
70,159
69,158
69,157
68,156
68,155
68,154
67,153
67,152
66,151
66,150
65,149
65,148
64,147
64,146
63,145
63,144
