120,202
120,201
121,200
121,199
122,198
122,197
123,196
123,195
123,194
123,193
123,192
123,191
123,190
123,189
123,188
123,187
123,186
123,185
123,184
123,183
123,182
123,181
123,180
123,179
123,178
123,177
123,176
123,175
123,174
123,173
123,172
124,171
125,170
126,169
127,168
128,167
129,166
130,165
131,164
132,163
133,162
134,161
135,160
136,159
137,158
138,157
139,156
140,155
141,154
142,153
143,152
144,151
145,150
146,149
146,148
146,147
146,146
146,145
146,144
147,143
147,142
148,141
148,140
149,139
149,138
150,137
150,136
150,135
151,134
151,133
152,132
152,131
153,130
153,129
154,128
154,127
155,126
155,125
155,124
156,123
156,122
157,121
157,120
158,119
158,118
159,117
159,116
160,115
160,114
160,113
161,112
162,111
163,110
164,109
165,108
166,107
167,106
168,105
168,104
169,103
170,102
171,101
172,100
173,99
174,98
175,97
175,96
175,95
175,94
175,93
175,92
175,91
175,90
175,89
175,88
175,87
175,86
175,85
175,84
175,83
175,82
175,81
