41,121
42,122
43,123
44,124
45,125
46,126
47,127
48,128
49,129
50,130
51,131
52,132
53,133
54,134
55,135
56,136
57,137
58,138
59,139
60,140
61,140
62,140
63,140
64,140
65,141
66,142
67,143
68,144
69,145
70,146
71,147
72,148
73,149
74,150
75,151
76,152
77,153
78,154
79,155
80,156
81,157
82,158
83,159
84,160
85,160
86,161
86,162
86,163
86,164
87,165
88,166
89,167
89,168
90,169
90,170
91,171
91,172
92,173
92,174
92,175
92,176
92,177
92,178
92,179
92,180
92,181
92,182
92,183
92,184
92,185
92,186
92,187
92,188
93,188
94,188
95,188
96,188
97,188
98,188
99,189
