137,208
138,207
139,207
140,207
141,207
142,207
143,207
144,207
145,207
146,207
147,207
148,207
149,207
150,207
151,206
152,206
153,206
154,206
155,206
156,206
157,205
158,205
159,204
160,204
161,203
162,203
163,202
164,201
165,200
166,199
167,198
167,197
168,196
168,195
169,194
169,193
170,192
170,191
170,190
170,189
170,188
170,187
171,186
171,185
171,184
171,183
171,182
171,181
171,180
171,179
171,178
171,177
171,176
171,175
171,174
171,173
171,172
171,171
171,170
171,169
171,168
171,167
171,166
171,165
171,164
171,163
171,162
171,161
170,160
169,159
168,158
168,157
168,156
168,155
168,154
168,153
168,152
168,151
168,150
168,149
168,148
168,147
168,146
168,145
168,144
168,143
168,142
168,141
168,140
168,139
168,138
168,137
168,136
168,135
168,134
168,133
169,132
170,131
171,130
172,129
173,128
174,127
175,126
176,125
177,124
178,123
179,122
180,121
181,120
182,119
183,118
184,117
185,116
186,115
187,114
187,113
187,112
187,111
187,110
187,109
187,108
187,107
187,106
187,105
187,104
187,103
187,102
187,101
187,100
187,99
187,98
187,97
187,96
187,95
187,94
187,93
187,92
187,91
187,90
187,89
187,88
187,87
187,86
187,85
187,84
187,83
187,82
187,81
187,80
187,79
187,78
187,77
187,76
187,75
187,74
187,73
187,72
187,71
187,70
187,69
187,68
187,67
187,66
187,65
187,64
187,63
187,62
187,61
187,60
187,59
187,58
187,57
187,56
187,55
187,54
187,53
187,52
187,51
187,50
187,49
187,48
187,47
187,46
188,45
188,44
189,43
189,42
189,41
190,40
190,39
191,38
191,37
192,36
192,35
193,34
193,33
194,32
194,31
194,30
195,29
195,28
196,27
196,26
197,25
197,24
198,23
198,22
199,21
199,20
199,19
200,18
200,17
201,16
201,15
202,14
202,13
203,12
203,11
203,10
204,9
