154,5
154,6
154,7
154,8
154,9
154,10
154,11
154,12
154,13
154,14
154,15
154,16
154,17
154,18
154,19
154,20
154,21
154,22
154,23
154,24
154,25
154,26
154,27
154,28
154,29
154,30
154,31
154,32
154,33
154,34
154,35
154,36
154,37
154,38
154,39
154,40
154,41
154,42
154,43
154,44
154,45
154,46
154,47
154,48
154,49
154,50
154,51
154,52
154,53
154,54
154,55
154,56
154,57
154,58
154,59
154,60
154,61
154,62
154,63
154,64
154,65
154,66
154,67
154,68
154,69
154,70
154,71
154,72
154,73
154,74
154,75
154,76
154,77
154,78
154,79
154,80
154,81
154,82
154,83
154,84
155,85
156,86
157,87
158,88
159,89
160,90
161,91
162,92
163,93
164,94
164,95
165,96
165,97
166,98
166,99
166,100
167,101
167,102
167,103
167,104
167,105
167,106
168,107
168,108
169,109
170,110
171,111
172,112
173,113
174,114
175,115
176,116
177,117
178,118
179,119
180,120
181,121
181,122
181,123
181,124
181,125
181,126
181,127
181,128
181,129
181,130
181,131
181,132
181,133
181,134
181,135
181,136
181,137
181,138
181,139
181,140
181,141
181,142
181,143
181,144
181,145
181,146
181,147
181,148
181,149
181,150
181,151
181,152
181,153
181,154
181,155
181,156
181,157
181,158
181,159
181,160
181,161
181,162
181,163
182,164
182,165
182,166
182,167
182,168
182,169
182,170
182,171
182,172
182,173
182,174
182,175
182,176
182,177
182,178
182,179
182,180
182,181
182,182
182,183
182,184
182,185
182,186
182,187
182,188
182,189
182,190
182,191
181,191
180,191
179,191
178,191
177,191
176,191
175,191
174,191
173,191
172,191
171,191
170,191
169,191
168,191
167,191
166,191
165,191
164,191
163,191
162,191
161,191
160,191
159,191
158,191
157,191
156,191
155,191
154,191
153,191
152,191
151,191
150,191
149,191
148,191
147,191
146,191
145,191
144,191
143,191
142,191
141,191
140,191
139,191
138,191
137,191
136,191
135,192
134,193
133,194
132,195
131,196
130,197
129,198
128,199
127,200
126,201
125,202
124,203
123,204
122,205
121,205
120,205
119,205
118,205
117,205
116,205
115,205
114,205
113,205
112,205
111,205
110,205
109,205
108,205
107,205
106,205
105,205
104,205
103,205
102,205
101,205
100,205
99,205
98,205
97,205
96,205
95,205
94,205
93,205
92,205
91,205
90,205
89,205
88,205
87,205
86,205
85,205
84,205
83,205
82,205
81,205
80,205
79,205
78,205
77,205
76,205
75,205
74,205
73,205
72,205
71,205
70,205
69,205
68,205
67,205
66,206
65,207
64,208
63,209
62,210
61,211
60,212
59,213
58,214
57,215
56,216
55,216
54,217
53,218
52,218
51,218
50,219
49,219
48,219
47,219
46,219
45,220
44,220
43,220
42,220
41,220
40,220
39,220
38,220
37,220
36,219
35,219
34,219
33,219
32,219
31,218
30,218
29,218
28,217
27,216
26,216
25,215
24,214
23,213
23,212
22,211
21,210
21,209
21,208
20,207
20,206
