89,9
90,10
91,11
92,12
93,13
94,14
95,15
96,16
97,17
98,18
99,19
100,19
101,19
102,19
103,19
104,19
105,19
106,19
107,19
108,20
109,20
110,20
111,20
112,20
113,20
114,20
115,20
116,20
117,21
118,22
119,23
120,24
121,25
122,26
123,27
123,28
124,29
124,30
125,31
125,32
126,33
126,34
126,35
126,36
126,37
126,38
127,39
127,40
127,41
127,42
127,43
127,44
127,45
127,46
127,47
127,48
127,49
127,50
127,51
127,52
127,53
127,54
127,55
127,56
127,57
127,58
127,59
127,60
127,61
127,62
127,63
127,64
127,65
127,66
127,67
127,68
127,69
127,70
127,71
127,72
127,73
127,74
127,75
127,76
127,77
127,78
127,79
127,80
127,81
127,82
128,83
129,84
130,85
131,86
132,87
133,88
134,89
135,90
136,91
137,92
138,93
139,94
140,95
141,96
142,97
143,98
144,99
145,100
146,101
147,102
148,103
149,104
149,105
149,106
149,107
149,108
149,109
149,110
149,111
149,112
149,113
149,114
149,115
149,116
149,117
149,118
149,119
149,120
149,121
149,122
149,123
149,124
149,125
149,126
149,127
149,128
149,129
149,130
149,131
149,132
149,133
149,134
149,135
149,136
149,137
149,138
149,139
149,140
149,141
149,142
149,143
149,144
149,145
149,146
149,147
149,148
149,149
149,150
149,151
149,152
149,153
149,154
149,155
149,156
149,157
149,158
149,159
149,160
149,161
