121,120
122,121
123,122
124,123
125,124
126,125
127,126
128,127
129,128
130,129
131,130
132,131
133,132
134,133
135,134
136,135
137,136
138,137
139,138
140,139
140,140
140,141
140,142
140,143
141,144
142,145
143,146
144,147
145,148
146,149
147,150
148,151
149,152
150,153
151,154
152,155
153,156
154,157
155,158
156,159
157,160
158,161
159,162
160,163
161,164
162,165
163,166
163,167
164,168
165,169
166,170
167,171
168,172
169,173
170,174
171,175
172,176
173,177
174,178
175,179
176,180
177,181
178,182
179,183
180,184
181,185
182,186
183,187
184,188
185,189
186,190
187,191
187,192
188,193
