85,136
86,137
87,138
88,139
89,140
90,141
91,142
92,143
93,144
94,145
95,146
96,147
97,148
98,149
99,150
100,151
101,152
102,153
103,154
104,155
105,156
106,157
107,158
107,159
108,160
109,161
110,162
111,163
112,164
113,165
114,166
115,167
115,168
115,169
116,170
117,171
118,172
119,173
120,174
121,175
122,176
123,177
124,178
125,179
126,180
127,181
128,181
129,182
130,182
131,183
132,183
133,184
134,184
135,184
136,185
137,185
138,186
139,186
140,187
141,187
142,188
143,188
144,189
145,189
146,189
147,190
148,190
149,191
150,191
151,192
152,192
153,193
154,193
155,193
156,194
