111,15
112,16
113,17
114,18
115,19
116,20
117,21
117,22
118,23
118,24
119,25
119,26
120,27
120,28
121,29
121,30
121,31
121,32
121,33
121,34
121,35
121,36
121,37
121,38
121,39
121,40
121,41
121,42
121,43
122,44
123,45
124,46
125,47
126,48
127,49
128,50
129,51
130,52
131,53
132,54
132,55
133,56
134,57
135,58
136,59
137,60
138,61
139,62
140,63
141,64
142,65
143,66
144,67
145,68
146,69
147,70
148,71
149,72
150,73
151,74
152,75
153,76
154,77
155,78
156,79
157,80
158,81
159,82
160,83
161,84
162,85
163,86
164,87
165,88
166,89
167,90
168,91
169,92
170,93
171,94
172,95
173,96
174,97
175,98
176,99
177,100
178,101
179,102
180,103
181,104
182,105
183,106
184,107
185,108
186,109
187,110
188,111
188,112
188,113
188,114
188,115
188,116
188,117
188,118
188,119
188,120
188,121
188,122
188,123
188,124
188,125
188,126
188,127
188,128
188,129
188,130
188,131
188,132
188,133
188,134
188,135
188,136
188,137
188,138
188,139
188,140
188,141
188,142
188,143
188,144
188,145
188,146
188,147
188,148
188,149
188,150
188,151
188,152
188,153
188,154
188,155
188,156
188,157
188,158
188,159
188,160
188,161
188,162
188,163
188,164
188,165
188,166
188,167
188,168
188,169
188,170
188,171
188,172
188,173
188,174
188,175
188,176
188,177
