22,113
23,114
24,115
25,116
26,117
27,118
28,119
29,120
30,121
31,122
32,123
33,124
34,125
35,126
36,127
37,128
38,129
39,130
40,131
41,132
42,133
43,134
44,135
45,136
46,137
47,138
48,139
49,140
50,141
51,142
52,143
53,144
54,145
55,146
56,147
57,148
58,149
59,150
60,151
61,152
62,153
63,154
64,155
65,156
66,157
67,158
68,159
69,160
70,161
71,162
72,163
73,164
74,165
75,166
76,167
77,168
78,169
79,170
80,171
81,172
82,173
83,174
84,175
85,176
86,177
87,178
88,179
89,180
90,181
91,182
92,183
93,184
94,185
95,186
96,187
97,188
98,189
99,190
100,191
101,192
102,193
103,194
104,195
105,196
106,197
107,198
108,199
109,200
110,201
111,202
112,203
113,204
114,205
115,205
116,206
117,206
118,207
119,207
120,208
121,208
122,208
123,209
