91,202
91,201
91,200
91,199
91,198
91,197
91,196
91,195
91,194
91,193
91,192
91,191
91,190
91,189
91,188
91,187
91,186
91,185
91,184
91,183
91,182
91,181
91,180
91,179
92,178
92,177
92,176
92,175
92,174
92,173
92,172
92,171
92,170
93,169
94,168
95,167
96,166
97,165
98,164
98,163
99,162
99,161
100,160
100,159
101,158
101,157
102,156
103,155
104,154
105,153
106,152
107,151
108,150
109,149
110,148
111,147
112,146
113,145
114,144
115,143
116,142
117,141
118,140
119,139
120,138
121,137
122,136
123,135
124,134
125,133
126,132
127,131
128,130
129,129
130,128
131,127
132,126
133,125
134,124
135,123
136,122
137,121
138,120
139,119
140,118
141,117
142,116
143,115
144,114
145,113
146,112
147,111
148,110
149,109
150,108
151,107
152,107
153,107
154,107
155,107
156,107
157,107
158,107
159,107
160,107
161,107
162,107
163,107
163,106
163,105
163,104
163,103
163,102
163,101
163,100
163,99
163,98
163,97
163,96
163,95
163,94
163,93
163,92
163,91
163,90
163,89
163,88
163,87
163,86
163,85
163,84
163,83
163,82
163,81
163,80
163,79
163,78
163,77
163,76
163,75
163,74
163,73
163,72
163,71
163,70
163,69
163,68
163,67
163,66
163,65
163,64
163,63
163,62
163,61
163,60
163,59
163,58
163,57
163,56
163,55
163,54
163,53
163,52
163,51
163,50
163,49
163,48
163,47
163,46
163,45
163,44
163,43
163,42
162,41
162,40
161,39
161,38
160,37
160,36
159,35
159,34
158,33
158,32
