215,14
215,15
215,16
215,17
215,18
215,19
215,20
215,21
215,22
215,23
215,24
215,25
215,26
215,27
215,28
215,29
215,30
215,31
215,32
215,33
215,34
215,35
215,36
215,37
215,38
215,39
215,40
215,41
215,42
215,43
215,44
215,45
215,46
215,47
215,48
215,49
215,50
215,51
215,52
215,53
215,54
215,55
215,56
215,57
215,58
215,59
215,60
215,61
215,62
215,63
215,64
215,65
215,66
215,67
215,68
215,69
215,70
215,71
215,72
215,73
215,74
215,75
215,76
215,77
215,78
215,79
215,80
215,81
215,82
215,83
215,84
215,85
215,86
215,87
215,88
215,89
215,90
215,91
215,92
215,93
215,94
215,95
215,96
215,97
215,98
215,99
215,100
215,101
215,102
215,103
216,104
216,105
216,106
216,107
216,108
216,109
217,110
217,111
217,112
217,113
217,114
217,115
217,116
217,117
217,118
216,119
216,120
216,121
216,122
216,123
216,124
215,125
215,126
215,127
214,128
214,129
213,130
213,131
212,132
211,133
210,134
209,135
208,136
207,137
206,138
205,139
204,140
203,140
202,141
201,141
200,142
199,142
198,143
197,143
196,144
195,144
194,145
193,145
192,145
191,146
190,146
189,147
188,147
187,148
186,148
185,149
184,149
183,150
182,150
181,151
180,152
179,153
178,154
177,155
176,156
175,157
174,158
173,159
172,160
171,161
170,162
169,163
168,164
167,165
166,166
165,167
164,168
163,169
162,170
161,171
160,172
159,173
158,174
157,175
156,176
155,177
154,178
153,179
152,180
151,181
150,182
149,183
148,184
147,185
146,186
145,187
144,188
143,189
142,190
141,191
140,192
139,193
138,194
137,194
136,195
135,196
134,197
133,197
132,197
131,198
130,198
129,198
128,198
127,198
126,199
125,199
124,199
123,199
122,199
121,199
120,199
119,199
118,199
117,199
116,199
115,199
114,199
113,199
112,199
111,199
110,199
109,199
108,199
107,199
106,199
105,199
104,199
103,199
102,199
101,199
100,199
99,199
98,199
97,199
96,199
95,199
94,199
93,199
92,199
91,199
90,199
89,199
88,199
87,199
86,198
85,198
84,197
83,197
82,196
81,196
