48,126
49,126
50,126
51,126
52,126
53,126
54,126
55,126
56,126
57,126
58,126
59,126
60,126
61,126
62,126
63,126
64,126
65,126
66,126
67,126
68,126
69,126
70,126
71,126
72,126
73,126
74,126
75,126
76,126
77,126
78,126
79,126
80,126
81,126
82,126
83,126
84,126
85,126
86,127
87,127
88,127
89,127
90,127
91,127
92,127
93,127
94,127
95,127
96,127
97,127
98,127
99,127
100,128
101,129
102,130
103,131
104,132
105,133
106,134
107,134
108,135
109,135
110,136
111,136
112,137
113,137
114,137
115,137
116,137
117,137
118,138
119,138
120,138
121,138
122,138
123,138
124,138
125,138
126,138
127,137
128,137
129,137
130,137
131,137
132,137
133,136
134,136
135,135
136,135
137,134
138,134
139,133
140,132
141,131
142,130
142,129
143,128
144,127
145,126
146,125
147,124
148,123
149,122
150,121
151,120
152,119
153,118
154,117
155,116
156,115
157,114
158,113
159,112
160,111
160,110
160,109
160,108
160,107
160,106
160,105
160,104
160,103
160,102
160,101
160,100
160,99
160,98
160,97
160,96
160,95
161,94
161,93
161,92
161,91
161,90
161,89
161,88
161,87
161,86
161,85
161,84
161,83
161,82
161,81
161,80
161,79
161,78
161,77
161,76
161,75
161,74
161,73
161,72
161,71
161,70
161,69
161,68
161,67
161,66
161,65
161,64
161,63
161,62
161,61
161,60
160,59
160,58
159,57
159,56
