52,117
53,118
54,119
55,120
56,121
57,122
58,123
59,124
60,125
61,126
62,127
63,128
64,129
65,130
66,131
67,132
68,132
69,132
70,132
71,132
72,132
73,132
74,132
75,132
76,132
77,132
78,133
79,134
80,135
81,136
82,137
83,138
84,139
85,140
86,141
87,142
88,143
89,144
90,144
91,145
92,146
92,147
93,148
93,149
94,150
94,151
95,152
95,153
95,154
96,155
96,156
96,157
97,158
98,159
98,160
99,161
99,162
100,163
100,164
100,165
101,166
101,167
102,168
102,169
103,170
103,171
104,172
104,173
105,174
105,175
105,176
106,177
106,178
107,179
107,180
108,181
108,182
109,183
109,184
110,185
110,186
110,187
111,188
111,189
112,190
112,191
113,192
113,193
114,194
114,195
114,196
115,197
