208,151
207,151
206,151
205,151
204,151
203,151
202,151
201,151
200,151
199,151
198,151
197,151
196,151
195,151
194,151
193,151
192,151
191,151
190,151
189,151
188,151
187,151
186,151
185,151
184,151
183,151
182,151
181,151
180,151
179,151
178,151
177,151
176,150
175,149
174,148
173,147
172,146
171,145
170,144
169,143
168,142
167,141
166,140
165,139
164,138
163,137
162,136
161,135
160,135
159,134
158,134
157,133
156,133
155,133
154,132
153,132
152,132
151,132
150,132
149,132
148,131
147,131
146,131
145,131
144,131
143,131
142,131
141,131
140,131
139,132
138,132
137,132
136,132
135,132
134,132
133,133
132,133
131,133
130,134
129,134
128,135
127,135
126,136
125,137
124,138
123,139
122,140
121,141
120,142
119,143
118,144
117,145
116,146
115,147
114,148
113,149
112,150
111,151
110,152
109,153
108,154
107,155
106,156
105,157
104,158
103,159
102,160
101,161
100,162
99,163
98,164
97,165
96,166
95,167
94,168
93,169
92,170
91,171
90,172
89,173
88,174
87,175
86,176
85,177
84,178
83,179
82,180
81,181
80,182
79,183
78,184
78,185
77,186
77,187
77,188
76,189
76,190
75,191
75,192
74,193
74,194
73,195
73,196
72,197
72,198
72,199
71,200
71,201
70,202
70,203
69,204
69,205
68,206
68,207
67,208
67,209
67,210
66,211
66,212
65,213
65,214
64,215
64,216
63,217
63,218
62,219
62,220
