33,106
34,107
35,108
36,109
37,110
38,111
39,112
40,113
41,114
42,115
43,116
44,117
45,118
46,119
47,120
48,121
49,121
50,121
51,121
52,121
53,121
54,121
55,121
56,121
57,121
58,121
59,122
60,123
61,124
62,125
63,126
64,127
65,128
66,129
67,130
68,131
69,132
70,133
71,134
72,135
73,136
74,137
75,138
76,139
77,140
78,141
79,142
80,143
81,143
82,143
83,144
84,145
85,146
86,147
87,148
88,149
89,149
90,150
91,150
92,151
93,151
94,152
95,152
96,152
97,153
98,153
99,154
100,154
101,155
102,155
103,156
104,156
105,157
106,157
107,157
108,158
109,158
110,159
111,159
112,160
113,160
114,161
115,161
116,162
117,162
118,162
119,163
120,163
121,164
122,164
123,165
124,165
125,166
126,166
127,167
128,167
129,168
130,169
131,170
132,171
133,172
134,172
135,172
136,172
137,172
138,172
139,172
