215,178
214,177
213,177
212,177
211,177
210,177
209,177
208,177
207,177
206,177
205,177
204,177
203,177
202,177
201,177
200,177
199,177
198,177
197,177
196,177
195,177
194,177
193,177
192,177
191,177
190,177
189,177
188,177
187,177
186,177
185,177
184,177
183,177
182,176
181,175
180,174
179,173
178,172
177,171
176,170
175,169
174,168
173,167
172,166
171,166
170,166
169,166
168,166
167,166
166,166
165,166
164,166
163,166
162,166
161,166
160,166
159,166
158,166
157,166
156,166
155,166
154,166
153,166
152,166
151,166
150,166
149,166
148,166
147,166
146,166
145,166
144,166
143,166
142,166
141,166
140,166
139,166
138,166
137,166
136,166
135,166
134,166
133,166
132,166
131,166
130,166
129,165
128,164
127,163
126,162
125,161
124,160
123,159
122,158
121,157
120,156
119,155
118,154
117,153
116,152
115,151
114,150
113,149
112,148
111,147
110,146
109,145
108,144
107,143
106,142
105,142
104,141
103,140
102,139
101,139
100,138
99,137
98,136
97,135
96,134
95,133
94,132
93,131
92,130
91,129
90,128
89,127
88,126
87,125
86,124
85,123
84,122
83,122
82,122
81,122
80,122
79,122
78,122
77,122
76,122
75,122
74,122
73,122
72,122
71,122
70,122
69,122
68,121
67,121
66,121
65,121
64,121
63,120
62,120
61,120
60,119
59,118
58,117
57,117
57,116
56,115
55,114
54,113
54,112
54,111
53,110
53,109
53,108
53,107
53,106
52,105
52,104
52,103
52,102
52,101
52,100
52,99
51,98
51,97
50,96
50,95
49,94
49,93
48,92
48,91
47,90
47,89
47,88
46,87
46,86
45,85
45,84
44,83
44,82
43,81
43,80
42,79
42,78
42,77
41,76
41,75
40,74
40,73
39,72
39,71
38,70
38,69
37,68
37,67
37,66
36,65
36,64
35,63
35,62
34,61
34,60
33,59
33,58
32,57
32,56
32,55
31,54
31,53
30,52
30,51
29,50
29,49
28,48
28,47
27,46
27,45
27,44
26,43
26,42
25,41
25,40
24,39
24,38
23,37
23,36
22,35
22,34
