82,83
83,84
84,85
85,86
86,87
87,88
88,89
89,90
90,91
91,92
92,93
93,94
94,95
95,96
96,97
97,98
98,99
99,100
100,101
100,102
100,103
100,104
100,105
100,106
100,107
100,108
101,109
102,110
103,111
104,112
105,113
106,114
107,115
108,116
109,117
110,118
111,119
112,120
113,121
114,122
115,123
116,124
117,125
118,126
119,127
120,128
121,129
121,130
121,131
121,132
121,133
121,134
121,135
121,136
121,137
121,138
121,139
121,140
121,141
121,142
121,143
121,144
122,145
123,146
124,147
125,148
126,149
127,149
128,149
129,149
130,149
131,149
132,149
133,149
134,149
135,149
136,149
137,149
138,149
139,150
140,151
141,152
142,153
143,154
144,155
145,156
146,157
147,158
148,159
149,160
150,161
151,162
152,162
153,163
154,163
155,164
156,164
157,165
158,165
159,166
160,166
161,166
162,167
