77,88
78,89
79,90
80,91
81,92
82,93
83,94
84,95
85,96
86,97
87,98
88,99
89,100
90,101
90,102
90,103
90,104
90,105
90,106
90,107
90,108
90,109
90,110
91,111
92,111
93,111
94,111
95,111
96,112
97,113
98,114
99,115
100,116
101,117
102,118
103,119
104,119
105,119
106,119
107,119
108,119
109,119
110,119
111,119
112,119
113,119
114,119
115,119
116,119
117,119
118,119
119,119
120,119
121,119
122,119
123,119
124,119
125,119
126,119
127,119
128,119
129,119
130,119
131,119
132,119
133,119
134,119
135,119
136,119
137,120
138,121
139,122
140,122
141,122
142,122
143,122
144,122
145,122
146,122
147,122
148,122
149,122
150,122
151,122
152,122
153,122
154,122
155,122
156,122
157,122
158,122
159,122
160,122
161,122
162,122
163,122
164,122
165,122
166,122
167,122
168,122
169,122
170,122
171,122
172,122
173,122
174,122
175,122
176,122
177,122
178,122
179,122
180,122
181,123
182,123
183,123
184,123
185,123
186,123
187,124
188,124
189,124
190,125
191,125
192,126
193,127
194,127
195,128
196,129
197,130
198,131
198,132
199,133
200,134
200,135
201,136
201,137
201,138
202,139
202,140
202,141
202,142
202,143
203,144
203,145
204,146
204,147
205,148
205,149
205,150
206,151
206,152
207,153
207,154
208,155
208,156
209,157
209,158
210,159
210,160
210,161
211,162
211,163
212,164
212,165
213,166
213,167
214,168
214,169
215,170
215,171
215,172
216,173
216,174
217,175
217,176
218,177
218,178
219,179
219,180
219,181
220,182
