20,127
21,128
22,129
23,130
24,131
25,132
26,133
27,134
28,135
29,136
30,137
31,138
32,139
33,140
34,141
35,142
36,143
37,144
38,145
39,146
40,146
41,146
42,146
43,146
44,147
45,148
46,149
47,150
48,151
49,152
50,153
51,154
52,155
53,156
54,157
55,158
56,159
57,160
58,161
59,162
60,163
61,164
62,165
63,166
64,167
65,168
66,169
67,169
68,169
69,170
70,171
71,172
72,173
73,174
74,175
75,176
76,177
77,178
78,179
79,180
80,181
81,182
82,183
83,184
84,185
85,186
86,187
87,188
88,189
89,190
89,191
89,192
89,193
89,194
89,195
89,196
89,197
89,198
89,199
89,200
89,201
89,202
89,203
90,203
91,203
92,203
93,203
94,203
95,203
96,203
97,203
98,203
99,203
100,203
101,203
102,203
103,203
104,203
105,203
106,203
107,203
108,203
109,203
110,203
111,203
112,203
113,203
114,203
115,203
116,203
117,203
118,203
119,203
120,203
121,203
122,203
123,203
124,203
125,203
126,203
127,203
128,203
129,203
130,203
131,203
132,203
133,203
134,203
135,203
136,203
137,203
138,203
139,203
140,203
141,203
142,203
143,203
144,203
145,203
146,202
147,202
148,201
149,201
