49,37
50,38
51,39
52,40
53,41
54,42
55,43
56,43
57,43
58,43
59,43
60,43
61,43
62,43
63,43
64,43
65,43
66,43
67,43
68,43
69,43
70,43
71,43
72,43
73,43
74,43
75,43
76,43
77,43
78,43
79,43
80,44
81,45
82,46
83,47
84,48
85,49
86,50
87,51
88,52
89,53
90,54
91,55
92,56
93,56
94,57
95,58
96,59
97,60
98,61
99,62
100,63
101,64
102,65
103,66
104,67
105,68
106,69
107,70
108,71
109,72
110,73
111,74
112,75
113,76
114,77
115,78
116,79
117,79
118,79
119,79
120,79
121,79
122,79
123,79
124,79
125,79
126,79
127,79
128,79
129,79
130,79
131,79
132,79
133,79
134,79
135,79
136,79
137,79
138,79
139,79
140,79
141,79
142,79
143,79
144,79
145,79
146,79
147,79
148,79
149,79
150,79
151,79
152,79
153,79
154,79
155,79
156,79
157,79
158,79
159,79
160,79
161,79
162,79
163,79
164,79
165,79
166,79
167,79
168,79
169,79
170,79
171,79
172,79
173,79
174,79
175,79
176,79
177,80
178,80
179,80
180,80
181,80
182,80
183,81
184,81
185,82
186,82
187,83
188,83
189,84
190,85
191,86
192,87
193,88
193,89
194,90
194,91
195,92
195,93
196,94
196,95
196,96
197,97
198,98
199,99
200,100
201,101
202,102
203,103
204,104
204,105
204,106
204,107
204,108
204,109
204,110
204,111
204,112
204,113
204,114
204,115
204,116
204,117
204,118
204,119
204,120
204,121
204,122
204,123
204,124
204,125
204,126
204,127
204,128
204,129
204,130
204,131
204,132
204,133
204,134
204,135
204,136
204,137
204,138
204,139
204,140
204,141
205,142
205,143
206,144
206,145
207,146
207,147
207,148
208,149
