25,46
26,47
27,48
28,49
29,50
30,51
31,52
32,53
33,54
34,55
35,56
36,57
37,58
38,59
38,60
39,61
39,62
40,63
40,64
41,65
41,66
42,67
42,68
42,69
43,70
43,71
44,72
45,73
46,74
47,75
48,76
49,77
50,78
51,79
52,80
53,81
54,82
55,83
56,84
57,85
58,86
59,87
60,88
61,89
62,90
63,91
64,92
65,93
66,94
67,95
68,96
69,97
70,98
71,99
72,100
73,101
74,102
75,103
76,104
77,105
78,106
78,107
78,108
78,109
78,110
78,111
78,112
78,113
78,114
78,115
78,116
78,117
78,118
78,119
78,120
78,121
78,122
78,123
78,124
78,125
78,126
79,127
80,128
81,129
82,130
83,131
84,132
85,133
86,134
87,135
88,136
89,137
90,138
91,139
92,140
93,141
94,142
95,143
96,144
96,145
96,146
96,147
96,148
96,149
96,150
96,151
96,152
96,153
96,154
96,155
96,156
96,157
96,158
96,159
96,160
96,161
96,162
96,163
96,164
96,165
96,166
96,167
96,168
96,169
96,170
96,171
96,172
96,173
96,174
96,175
96,176
96,177
96,178
96,179
96,180
96,181
96,182
96,183
96,184
96,185
96,186
96,187
97,188
97,189
97,190
98,191
